0 0 0 0 0 0 0 0 0 0 0 0 0 0 0 0 0 0 0 0 0 0 0 0 0 0 0 0 0 0 0 0 0 0 0 0 0 0 0 0 0 0 0 0 0 0 0 0 0 0 0 0 0 0 0 0 0 0 0 0 0 0 0 0 0 0 0 0 0 0 0 0 0 0 0 0 0 0 0 0 0 0 0 0 0 0 0 0 0 0 0 0 0 0 0 0 0 0 0 0 0 0 0 0 0 0 0 0 0 0 0 0 0 0 0 0 0 0 0 0 0 0 0 0 0 0 0 0 0 0 0 0 0 0 0 0 0 0 0 0 0 0 0 0 0 0 0 0 0 0 0 0 0 0 0 0 0 0 0 0 0 0 0 0 0 0 0 0 0 0 0 0 0 0 0 0 0 0 0 0 0 0 0 0 0 0 0 0 0 0 0 0 0 0 0 0 0 0 0 0 
0 0 0 0 0 0 0 0 0 0 0 0 0 0 0 0 0 0 0 0 0 0 0 0 0 0 0 0 0 0 0 0 0 0 0 0 0 0 0 0 0 0 0 0 0 0 0 0 0 0 0 0 0 0 0 0 0 0 0 0 0 0 0 0 0 0 0 0 0 0 0 0 0 0 0 0 0 0 0 0 0 0 0 0 0 0 0 0 0 0 0 0 0 0 0 0 0 0 0 0 0 0 0 0 0 0 0 0 0 0 0 0 0 0 0 0 0 0 0 0 0 0 0 0 0 0 0 0 0 0 0 0 0 0 0 0 0 0 0 0 0 0 0 0 0 0 0 0 0 0 0 0 0 0 0 0 0 0 0 0 0 0 0 0 0 0 0 0 0 0 0 0 0 0 0 0 0 0 0 0 0 0 0 0 0 0 0 0 0 0 0 0 0 0 0 0 0 0 0 0 
0 0 0 0 0 0 0 0 0 0 0 0 0 0 0 0 0 0 0 0 0 0 0 0 0 0 0 0 0 0 0 0 0 0 0 0 0 0 0 0 0 0 0 0 0 0 0 0 0 0 0 0 0 0 0 0 0 0 0 0 0 0 0 0 0 0 0 0 0 0 0 0 0 0 0 0 0 0 0 0 0 0 0 0 0 0 0 0 0 0 0 0 0 0 0 0 0 0 0 0 0 0 0 0 0 0 0 0 0 0 0 0 0 0 0 0 0 0 0 0 0 0 0 0 0 0 0 0 0 0 0 0 0 0 0 0 0 0 0 0 0 0 0 0 0 0 0 0 0 0 0 0 0 0 0 0 0 0 0 0 0 0 0 0 0 0 0 0 0 0 0 0 0 0 0 0 0 0 0 0 0 0 0 0 0 0 0 0 0 0 0 0 0 0 0 0 0 0 0 0 
0 0 0 0 0 0 0 0 0 0 0 0 0 0 0 0 0 0 0 0 0 0 0 0 0 0 0 0 0 0 0 0 0 0 0 0 0 0 0 0 0 0 0 0 0 0 0 0 0 0 0 0 0 0 0 0 0 0 0 0 0 0 0 0 0 0 0 0 0 0 0 0 0 0 0 0 0 0 0 0 0 0 0 0 0 0 0 0 0 0 0 0 0 0 0 0 0 0 0 0 0 0 0 0 0 0 0 0 0 0 0 0 0 0 0 0 0 0 0 0 0 0 0 0 0 0 0 0 0 0 0 0 0 0 0 0 0 0 0 0 0 0 0 0 0 0 0 0 0 0 0 0 0 0 0 0 0 0 0 0 0 0 0 0 0 0 0 0 0 0 0 0 0 0 0 0 0 0 0 0 0 0 0 0 0 0 0 0 0 0 0 0 0 0 0 0 0 0 0 0 
0 0 0 0 0 0 0 0 0 0 0 0 0 0 0 0 0 0 0 0 0 0 0 0 0 0 0 0 0 0 0 0 0 0 0 0 0 0 0 0 0 0 0 0 0 0 0 0 0 0 0 0 0 0 0 0 0 0 0 0 0 0 0 0 0 0 0 0 0 0 0 0 0 0 0 0 0 0 0 0 0 0 0 0 0 0 0 0 0 0 0 0 0 0 0 0 0 0 0 0 0 0 0 0 0 0 0 0 0 0 0 0 0 0 0 0 0 0 0 0 0 0 0 0 0 0 0 0 0 0 0 0 0 0 0 0 0 0 0 0 0 0 0 0 0 0 0 0 0 0 0 0 0 0 0 0 0 0 0 0 0 0 0 0 0 0 0 0 0 0 0 0 0 0 0 0 0 0 0 0 0 0 0 0 0 0 0 0 0 0 0 0 0 0 0 0 0 0 0 0 
0 0 0 0 0 0 0 0 0 0 0 0 0 0 0 0 0 0 0 0 0 0 0 0 0 0 0 0 0 0 0 0 0 0 0 0 0 0 0 0 0 0 0 0 0 0 0 0 0 0 0 0 0 0 0 0 0 0 0 0 0 0 0 0 0 0 0 0 0 0 0 0 0 0 0 0 0 0 0 0 0 0 0 0 0 0 0 0 0 0 0 0 0 0 0 0 0 0 0 0 0 0 0 0 0 0 0 0 0 0 0 0 0 0 0 0 0 0 0 0 0 0 0 0 0 0 0 0 0 0 0 0 0 0 0 0 0 0 0 0 0 0 0 0 0 0 0 0 0 0 0 0 0 0 0 0 0 0 0 0 0 0 0 0 0 0 0 0 0 0 0 0 0 0 0 0 0 0 0 0 0 0 0 0 0 0 0 0 0 0 0 0 0 0 0 0 0 0 0 0 
0 0 0 0 0 0 0 0 0 0 0 0 0 0 0 0 0 0 0 0 0 0 0 0 0 0 0 0 0 0 0 0 0 0 0 0 0 0 0 0 0 0 0 0 0 0 0 0 0 0 0 0 0 0 0 0 0 0 0 0 0 0 0 0 0 0 0 0 0 0 0 0 0 0 0 0 0 0 0 0 0 0 0 0 0 0 0 0 0 0 0 0 0 0 0 0 0 0 0 0 0 0 0 0 0 0 0 0 0 0 0 0 0 0 0 0 0 0 0 0 0 0 0 0 0 0 0 0 0 0 0 0 0 0 0 0 0 0 0 0 0 0 0 0 0 0 0 0 0 0 0 0 0 0 0 0 0 0 0 0 0 0 0 0 0 0 0 0 0 0 0 0 0 0 0 0 0 0 0 0 0 0 0 0 0 0 0 0 0 0 0 0 0 0 0 0 0 0 0 0 
0 0 0 0 0 0 0 0 0 0 0 0 0 0 0 0 0 0 0 0 0 0 0 0 0 0 0 0 0 0 0 0 0 0 0 0 0 0 0 0 0 0 0 0 0 0 0 0 0 0 0 0 0 0 0 0 0 0 0 0 0 0 0 0 0 0 0 0 0 0 0 0 0 0 0 0 0 0 0 0 0 0 0 0 0 0 0 0 0 0 0 0 0 0 0 0 0 0 0 0 0 0 0 0 0 0 0 0 0 0 0 0 0 0 0 0 0 0 0 0 0 0 0 0 0 0 0 0 0 0 0 0 0 0 0 0 0 0 0 0 0 0 0 0 0 0 0 0 0 0 0 0 0 0 0 0 0 0 0 0 0 0 0 0 0 0 0 0 0 0 0 0 0 0 0 0 0 0 0 0 0 0 0 0 0 0 0 0 0 0 0 0 0 0 0 0 0 0 0 0 
0 0 0 0 0 0 0 0 0 0 0 0 0 0 0 0 0 0 0 0 0 0 0 0 0 0 0 0 0 0 0 0 0 0 0 0 0 0 0 0 0 0 0 0 0 0 0 0 0 0 0 0 0 0 0 0 0 0 0 0 0 0 0 0 0 0 0 0 0 0 0 0 0 0 0 0 0 0 0 0 0 0 0 0 0 0 0 0 0 0 0 0 0 0 0 0 0 0 0 0 0 0 0 0 0 0 0 0 0 0 0 0 0 0 0 0 0 0 0 0 0 0 0 0 0 0 0 0 0 0 0 0 0 0 0 0 0 0 0 0 0 0 0 0 0 0 0 0 0 0 0 0 0 0 0 0 0 0 0 0 0 0 0 0 0 0 0 0 0 0 0 0 0 0 0 0 0 0 0 0 0 0 0 0 0 0 0 0 0 0 0 0 0 0 0 0 0 0 0 0 
0 0 0 0 0 0 0 0 0 0 0 0 0 0 0 0 0 0 0 0 0 0 0 0 0 0 0 0 0 0 0 0 0 0 0 0 0 0 0 0 0 0 0 0 0 0 0 0 0 0 0 0 0 0 0 0 0 0 0 0 0 0 0 0 0 0 0 0 0 0 0 0 0 0 0 0 0 0 0 0 0 0 0 0 0 0 0 0 0 0 0 0 0 0 0 0 0 0 0 0 0 0 0 0 0 0 0 0 0 0 0 0 0 0 0 0 0 0 0 0 0 0 0 0 0 0 0 0 0 0 0 0 0 0 0 0 0 0 0 0 0 0 0 0 0 0 0 0 0 0 0 0 0 0 0 0 0 0 0 0 0 0 0 0 0 0 0 0 0 0 0 0 0 0 0 0 0 0 0 0 0 0 0 0 0 0 0 0 0 0 0 0 0 0 0 0 0 0 0 0 
0 0 0 0 0 0 0 0 0 0 0 0 0 0 0 0 0 0 0 0 0 0 0 0 0 0 0 0 0 0 0 0 0 0 0 0 0 0 0 0 0 0 0 0 0 0 0 0 0 0 0 0 0 0 0 0 0 0 0 0 0 0 0 0 0 0 0 0 0 0 0 0 0 0 0 0 0 0 0 0 0 0 0 0 0 0 0 0 0 0 0 0 0 0 0 0 0 0 0 0 0 0 0 0 0 0 0 0 0 0 0 0 0 0 0 0 0 0 0 0 0 0 0 0 0 0 0 0 0 0 0 0 0 0 0 0 0 0 0 0 0 0 0 0 0 0 0 0 0 0 0 0 0 0 0 0 0 0 0 0 0 0 0 0 0 0 0 0 0 0 0 0 0 0 0 0 0 0 0 0 0 0 0 0 0 0 0 0 0 0 0 0 0 0 0 0 0 0 0 0 
0 0 0 0 0 0 0 0 0 0 0 0 0 0 0 0 0 0 0 0 0 0 0 0 0 0 0 0 0 0 0 0 0 0 0 0 0 0 0 0 0 0 0 0 0 0 0 0 0 0 0 0 0 0 0 0 0 0 0 0 0 0 0 0 0 0 0 0 0 0 0 0 0 0 0 0 0 0 0 0 0 0 0 0 0 0 0 0 0 0 0 0 0 0 0 0 0 0 0 0 0 0 0 0 0 0 0 0 0 0 0 0 0 0 0 0 0 0 0 0 0 0 0 0 0 0 0 0 0 0 0 0 0 0 0 0 0 0 0 0 0 0 0 0 0 0 0 0 0 0 0 0 0 0 0 0 0 0 0 0 0 0 0 0 0 0 0 0 0 0 0 0 0 0 0 0 0 0 0 0 0 0 0 0 0 0 0 0 0 0 0 0 0 0 0 0 0 0 0 0 
0 0 0 0 0 0 0 0 0 0 0 0 0 0 0 0 0 0 0 0 0 0 0 0 0 0 0 0 0 0 0 0 0 0 0 0 0 0 0 0 0 0 0 0 0 0 0 0 0 0 0 0 0 0 0 0 0 0 0 0 0 0 0 0 0 0 0 0 0 0 0 0 0 0 0 0 0 0 0 0 0 0 0 0 0 0 0 0 0 0 0 0 0 0 0 0 0 0 0 0 0 0 0 0 0 0 0 0 0 0 0 0 0 0 0 0 0 0 0 0 0 0 0 0 0 0 0 0 0 0 0 0 0 0 0 0 0 0 0 0 0 0 0 0 0 0 0 0 0 0 0 0 0 0 0 0 0 0 0 0 0 0 0 0 0 0 0 0 0 0 0 0 0 0 0 0 0 0 0 0 0 0 0 0 0 0 0 0 0 0 0 0 0 0 0 0 0 0 0 0 
0 0 0 0 0 0 0 0 0 0 0 0 0 0 0 0 0 0 0 0 0 0 0 0 0 0 0 0 0 0 0 0 0 0 0 0 0 0 0 0 0 0 0 0 0 0 0 0 0 0 0 0 0 0 0 0 0 0 0 0 0 0 0 0 0 0 0 0 0 0 0 0 0 0 0 0 0 0 0 0 0 0 0 0 0 0 0 0 0 0 0 0 0 0 0 0 0 0 0 0 0 0 0 0 0 0 0 0 0 0 0 0 0 0 0 0 0 0 0 0 0 0 0 0 0 0 0 0 0 0 0 0 0 0 0 0 0 0 0 0 0 0 0 0 0 0 0 0 0 0 0 0 0 0 0 0 0 0 0 0 0 0 0 0 0 0 0 0 0 0 0 0 0 0 0 0 0 0 0 0 0 0 0 0 0 0 0 0 0 0 0 0 0 0 0 0 0 0 0 0 
0 0 0 0 0 0 0 0 0 0 0 0 0 0 0 0 0 0 0 0 0 0 0 0 0 0 0 0 0 0 0 0 0 0 0 0 0 0 0 0 0 0 0 0 0 0 0 0 0 0 0 0 0 0 0 0 0 0 0 0 0 0 0 0 0 0 0 0 0 0 0 0 0 0 0 0 0 0 0 0 0 0 0 0 0 0 0 0 0 0 0 0 0 0 0 0 0 0 0 0 0 0 0 0 0 0 0 0 0 0 0 0 0 0 0 0 0 0 0 0 0 0 0 0 0 0 0 0 0 0 0 0 0 0 0 0 0 0 0 0 0 0 0 0 0 0 0 0 0 0 0 0 0 0 0 0 0 0 0 0 0 0 0 0 0 0 0 0 0 0 0 0 0 0 0 0 0 0 0 0 0 0 0 0 0 0 0 0 0 0 0 0 0 0 0 0 0 0 0 0 
0 0 0 0 0 0 0 0 0 0 0 0 0 0 0 0 0 0 0 0 0 0 0 0 0 0 0 0 0 0 0 0 0 0 0 0 0 0 0 0 0 0 0 0 0 0 0 0 0 0 0 0 0 0 0 0 0 0 0 0 0 0 0 0 0 0 0 0 0 0 0 0 0 0 0 0 0 0 0 0 0 0 0 0 0 0 0 0 0 0 0 0 0 0 0 0 0 0 0 0 0 0 0 0 0 0 0 0 0 0 0 0 0 0 0 0 0 0 0 0 0 0 0 0 0 0 0 0 0 0 0 0 0 0 0 0 0 0 0 0 0 0 0 0 0 0 0 0 0 0 0 0 0 0 0 0 0 0 0 0 0 0 0 0 0 0 0 0 0 0 0 0 0 0 0 0 0 0 0 0 0 0 0 0 0 0 0 0 0 0 0 0 0 0 0 0 0 0 0 0 
0 0 0 0 0 0 0 0 0 0 0 0 0 0 0 0 0 0 0 0 0 0 0 0 0 0 0 0 0 0 0 0 0 0 0 0 0 0 0 0 0 0 0 0 0 0 0 0 0 0 0 0 0 0 0 0 0 0 0 0 0 0 0 0 0 0 0 0 0 0 0 0 0 0 0 0 0 0 0 0 0 0 0 0 0 0 0 0 0 0 0 0 0 0 0 0 0 0 0 0 0 0 0 0 0 0 0 0 0 0 0 0 0 0 0 0 0 0 0 0 0 0 0 0 0 0 0 0 0 0 0 0 0 0 0 0 0 0 0 0 0 0 0 0 0 0 0 0 0 0 0 0 0 0 0 0 0 0 0 0 0 0 0 0 0 0 0 0 0 0 0 0 0 0 0 0 0 0 0 0 0 0 0 0 0 0 0 0 0 0 0 0 0 0 0 0 0 0 0 0 
0 0 0 0 0 0 0 0 0 0 0 0 0 0 0 0 0 0 0 0 0 0 0 0 0 0 0 0 0 0 0 0 0 0 0 0 0 0 0 0 0 0 0 0 0 0 0 0 0 0 0 0 0 0 0 0 0 0 0 0 0 0 0 0 0 0 0 0 0 0 0 0 0 0 0 0 0 0 0 0 0 0 0 0 0 0 0 0 0 0 0 0 0 0 0 0 0 0 0 0 0 0 0 0 0 0 0 0 0 0 0 0 0 0 0 0 0 0 0 0 0 0 0 0 0 0 0 0 0 0 0 0 0 0 0 0 0 0 0 0 0 0 0 0 0 0 0 0 0 0 0 0 0 0 0 0 0 0 0 0 0 0 0 0 0 0 0 0 0 0 0 0 0 0 0 0 0 0 0 0 0 0 0 0 0 0 0 0 0 0 0 0 0 0 0 0 0 0 0 0 
0 0 0 0 0 0 0 0 0 0 0 0 0 0 0 0 0 0 0 0 0 0 0 0 0 0 0 0 0 0 0 0 0 0 0 0 0 0 0 0 0 0 0 0 0 0 0 0 0 0 0 0 0 0 0 0 0 0 0 0 0 0 0 0 0 0 0 0 0 0 0 0 0 0 0 0 0 0 0 0 0 0 0 0 0 0 0 0 0 0 0 0 0 0 0 0 0 0 0 0 0 0 0 0 0 0 0 0 0 0 0 0 0 0 0 0 0 0 0 0 0 0 0 0 0 0 0 0 0 0 0 0 0 0 0 0 0 0 0 0 0 0 0 0 0 0 0 0 0 0 0 0 0 0 0 0 0 0 0 0 0 0 0 0 0 0 0 0 0 0 0 0 0 0 0 0 0 0 0 0 0 0 0 0 0 0 0 0 0 0 0 0 0 0 0 0 0 0 0 0 
0 0 0 0 0 0 0 0 0 0 0 0 0 0 0 0 0 0 0 0 0 0 0 0 0 0 0 0 0 0 0 0 0 0 0 0 0 0 0 0 0 0 0 0 0 0 0 0 0 0 0 0 0 0 0 0 0 0 0 0 0 0 0 0 0 0 0 0 0 0 0 0 0 0 0 0 0 0 0 0 0 0 0 0 0 0 0 0 0 0 0 0 0 0 0 0 0 0 0 0 0 0 0 0 0 0 0 0 0 0 0 0 0 0 0 0 0 0 0 0 0 0 0 0 0 0 0 0 0 0 0 0 0 0 0 0 0 0 0 0 0 0 0 0 0 0 0 0 0 0 0 0 0 0 0 0 0 0 0 0 0 0 0 0 0 0 0 0 0 0 0 0 0 0 0 0 0 0 0 0 0 0 0 0 0 0 0 0 0 0 0 0 0 0 0 0 0 0 0 0 
0 0 0 0 0 0 0 0 0 0 0 0 0 0 0 0 0 0 0 0 0 0 0 0 0 0 0 0 0 0 0 0 0 0 0 0 0 0 0 0 0 0 0 0 0 0 0 0 0 0 0 0 0 0 0 0 0 0 0 0 0 0 0 0 0 0 0 0 0 0 0 0 0 0 0 0 0 0 0 0 0 0 0 0 0 0 0 0 0 0 0 0 0 0 0 0 0 0 0 0 0 0 0 0 0 0 0 0 0 0 0 0 0 0 0 0 0 0 0 0 0 0 0 0 0 0 0 0 0 0 0 0 0 0 0 0 0 0 0 0 0 0 0 0 0 0 0 0 0 0 0 0 0 0 0 0 0 0 0 0 0 0 0 0 0 0 0 0 0 0 0 0 0 0 0 0 0 0 0 0 0 0 0 0 0 0 0 0 0 0 0 0 0 0 0 0 0 0 0 0 
0 0 0 0 0 0 0 0 0 0 0 0 0 0 0 0 0 0 0 0 0 0 0 0 0 0 0 0 0 0 0 0 0 0 0 0 0 0 0 0 0 0 0 0 0 0 0 0 0 0 0 0 0 0 0 0 0 0 0 0 0 0 0 0 0 0 0 0 0 0 0 0 0 0 0 0 0 0 0 0 0 0 0 0 0 0 0 0 0 0 0 0 0 0 0 0 0 0 0 0 0 0 0 0 0 0 0 0 0 0 0 0 0 0 0 0 0 0 0 0 0 0 0 0 0 0 0 0 0 0 0 0 0 0 0 0 0 0 0 0 0 0 0 0 0 0 0 0 0 0 0 0 0 0 0 0 0 0 0 0 0 0 0 0 0 0 0 0 0 0 0 0 0 0 0 0 0 0 0 0 0 0 0 0 0 0 0 0 0 0 0 0 0 0 0 0 0 0 0 0 
0 0 0 0 0 0 0 0 0 0 0 0 0 0 0 0 0 0 0 0 0 0 0 0 0 0 0 0 0 0 0 0 0 0 0 0 0 0 0 0 0 0 0 0 0 0 0 0 0 0 0 0 0 0 0 0 0 0 0 0 0 0 0 0 0 0 0 0 0 0 0 0 0 0 0 0 0 0 0 0 0 0 0 0 0 0 0 0 0 0 0 0 0 0 0 0 0 0 0 0 0 0 0 0 0 0 0 0 0 0 0 0 0 0 0 0 0 0 0 0 0 0 0 0 0 0 0 0 0 0 0 0 0 0 0 0 0 0 0 0 0 0 0 0 0 0 0 0 0 0 0 0 0 0 0 0 0 0 0 0 0 0 0 0 0 0 0 0 0 0 0 0 0 0 0 0 0 0 0 0 0 0 0 0 0 0 0 0 0 0 0 0 0 0 0 0 0 0 0 0 
0 0 0 0 0 0 0 0 0 0 0 0 0 0 0 0 0 0 0 0 0 0 0 0 0 0 0 0 0 0 0 0 0 0 0 0 0 0 0 0 0 0 0 0 0 0 0 0 0 0 0 0 0 0 0 0 0 0 0 0 0 0 0 0 0 0 0 0 0 0 0 0 0 0 0 0 0 0 0 0 0 0 0 0 0 0 0 0 0 0 0 0 0 0 0 0 0 0 0 0 0 0 0 0 0 0 0 0 0 0 0 0 0 0 0 0 0 0 0 0 0 0 0 0 0 0 0 0 0 0 0 0 0 0 0 0 0 0 0 0 0 0 0 0 0 0 0 0 0 0 0 0 0 0 0 0 0 0 0 0 0 0 0 0 0 0 0 0 0 0 0 0 0 0 0 0 0 0 0 0 0 0 0 0 0 0 0 0 0 0 0 0 0 0 0 0 0 0 0 0 
0 0 0 0 0 0 0 0 0 0 0 0 0 0 0 0 0 0 0 0 0 0 0 0 0 0 0 0 0 0 0 0 0 0 0 0 0 0 0 0 0 0 0 0 0 0 0 0 0 0 0 0 0 0 0 0 0 0 0 0 0 0 0 0 0 0 0 0 0 0 0 0 0 0 0 0 0 0 0 0 0 0 0 0 0 0 0 0 0 0 0 0 0 0 0 0 0 0 0 0 0 0 0 0 0 0 0 0 0 0 0 0 0 0 0 0 0 0 0 0 0 0 0 0 0 0 0 0 0 0 0 0 0 0 0 0 0 0 0 0 0 0 0 0 0 0 0 0 0 0 0 0 0 0 0 0 0 0 0 0 0 0 0 0 0 0 0 0 0 0 0 0 0 0 0 0 0 0 0 0 0 0 0 0 0 0 0 0 0 0 0 0 0 0 0 0 0 0 0 0 
0 0 0 0 0 0 0 0 0 0 0 0 0 0 0 0 0 0 0 0 0 0 0 0 0 0 0 0 0 0 0 0 0 0 0 0 0 0 0 0 0 0 0 0 0 0 0 0 0 0 0 0 0 0 0 0 0 0 0 0 0 0 0 0 0 0 0 0 0 0 0 0 0 0 0 0 0 0 0 0 0 0 0 0 0 0 0 0 0 0 0 0 0 0 0 0 0 0 0 0 0 0 0 0 0 0 0 0 0 0 0 0 0 0 0 0 0 0 0 0 0 0 0 0 0 0 0 0 0 0 0 0 0 0 0 0 0 0 0 0 0 0 0 0 0 0 0 0 0 0 0 0 0 0 0 0 0 0 0 0 0 0 0 0 0 0 0 0 0 0 0 0 0 0 0 0 0 0 0 0 0 0 0 0 0 0 0 0 0 0 0 0 0 0 0 0 0 0 0 0 
0 0 0 0 0 0 0 0 0 0 0 0 0 0 0 0 0 0 0 0 0 0 0 0 0 0 0 0 0 0 0 0 0 0 0 0 0 0 0 0 0 0 0 0 0 0 0 0 0 0 0 0 0 0 0 0 0 0 0 0 0 0 0 0 0 0 0 0 0 0 0 0 0 0 0 0 0 0 0 0 0 0 0 0 0 0 0 0 0 0 0 0 0 0 0 0 0 0 0 0 0 0 0 0 0 0 0 0 0 0 0 0 0 0 0 0 0 0 0 0 0 0 0 0 0 0 0 0 0 0 0 0 0 0 0 0 0 0 0 0 0 0 0 0 0 0 0 0 0 0 0 0 0 0 0 0 0 0 0 0 0 0 0 0 0 0 0 0 0 0 0 0 0 0 0 0 0 0 0 0 0 0 0 0 0 0 0 0 0 0 0 0 0 0 0 0 0 0 0 0 
0 0 0 0 0 0 0 0 0 0 0 0 0 0 0 0 0 0 0 0 0 0 0 0 0 0 0 0 0 0 0 0 0 0 0 0 0 0 0 0 0 0 0 0 0 0 0 0 0 0 0 0 0 0 0 0 0 0 0 0 0 0 0 0 0 0 0 0 0 0 0 0 0 0 0 0 0 0 0 0 0 0 0 0 0 0 0 0 0 0 0 0 0 0 0 0 0 0 0 0 0 0 0 0 0 0 0 0 0 0 0 0 0 0 0 0 0 0 0 0 0 0 0 0 0 0 0 0 0 0 0 0 0 0 0 0 0 0 0 0 0 0 0 0 0 0 0 0 0 0 0 0 0 0 0 0 0 0 0 0 0 0 0 0 0 0 0 0 0 0 0 0 0 0 0 0 0 0 0 0 0 0 0 0 0 0 0 0 0 0 0 0 0 0 0 0 0 0 0 0 
0 0 0 0 0 0 0 0 0 0 0 0 0 0 0 0 0 0 0 0 0 0 0 0 0 0 0 0 0 0 0 0 0 0 0 0 0 0 0 0 0 0 0 0 0 0 0 0 0 0 0 0 0 0 0 0 0 0 0 0 0 0 0 0 0 0 0 0 0 0 0 0 0 0 0 0 0 0 0 0 0 0 0 0 0 0 0 0 0 0 0 0 0 0 0 0 0 0 0 0 0 0 0 0 0 0 0 0 0 0 0 0 0 0 0 0 0 0 0 0 0 0 0 0 0 0 0 0 0 0 0 0 0 0 0 0 0 0 0 0 0 0 0 0 0 0 0 0 0 0 0 0 0 0 0 0 0 0 0 0 0 0 0 0 0 0 0 0 0 0 0 0 0 0 0 0 0 0 0 0 0 0 0 0 0 0 0 0 0 0 0 0 0 0 0 0 0 0 0 0 
0 0 0 0 0 0 0 0 0 0 0 0 0 0 0 0 0 0 0 0 0 0 0 0 0 0 0 0 0 0 0 0 0 0 0 0 0 0 0 0 0 0 0 0 0 0 0 0 0 0 0 0 0 0 0 0 0 0 0 0 0 0 0 0 0 0 0 0 0 0 0 0 0 0 0 0 0 0 0 0 0 0 0 0 0 0 0 0 0 0 0 0 0 0 0 0 0 0 0 0 0 0 0 0 0 0 0 0 0 0 0 0 0 0 0 0 0 0 0 0 0 0 0 0 0 0 0 0 0 0 0 0 0 0 0 0 0 0 0 0 0 0 0 0 0 0 0 0 0 0 0 0 0 0 0 0 0 0 0 0 0 0 0 0 0 0 0 0 0 0 0 0 0 0 0 0 0 0 0 0 0 0 0 0 0 0 0 0 0 0 0 0 0 0 0 0 0 0 0 0 
0 0 0 0 0 0 0 0 0 0 0 0 0 0 0 0 0 0 0 0 0 0 0 0 0 0 0 0 0 0 0 0 0 0 0 0 0 0 0 0 0 0 0 0 0 0 0 0 0 0 0 0 0 0 0 0 0 0 0 0 0 0 0 0 0 0 0 0 0 0 0 0 0 0 0 0 0 0 0 0 0 0 0 0 0 0 0 0 0 0 0 0 0 0 0 0 0 0 0 0 0 0 0 0 0 0 0 0 0 0 0 0 0 0 0 0 0 0 0 0 0 0 0 0 0 0 0 0 0 0 0 0 0 0 0 0 0 0 0 0 0 0 0 0 0 0 0 0 0 0 0 0 0 0 0 0 0 0 0 0 0 0 0 0 0 0 0 0 0 0 0 0 0 0 0 0 0 0 0 0 0 0 0 0 0 0 0 0 0 0 0 0 0 0 0 0 0 0 0 0 
0 0 0 0 0 0 0 0 0 0 0 0 0 0 0 0 0 0 0 0 0 0 0 0 0 0 0 0 0 0 0 0 0 0 0 0 0 0 0 0 0 0 0 0 0 0 0 0 0 0 0 0 0 0 0 0 0 0 0 0 0 0 0 0 0 0 0 0 0 0 0 0 0 0 0 0 0 0 0 0 0 0 0 0 0 0 0 0 0 0 0 0 0 0 0 0 0 0 0 0 0 0 0 0 0 0 0 0 0 0 0 0 0 0 0 0 0 0 0 0 0 0 0 0 0 0 0 0 0 0 0 0 0 0 0 0 0 0 0 0 0 0 0 0 0 0 0 0 0 0 0 0 0 0 0 0 0 0 0 0 0 0 0 0 0 0 0 0 0 0 0 0 0 0 0 0 0 0 0 0 0 0 0 0 0 0 0 0 0 0 0 0 0 0 0 0 0 0 0 0 
0 0 0 0 0 0 0 0 0 0 0 0 0 0 0 0 0 0 0 0 0 0 0 0 0 0 0 0 0 0 0 0 0 0 0 0 0 0 0 0 0 0 0 0 0 0 0 0 0 0 0 0 0 0 0 0 0 0 0 0 0 0 0 0 0 0 0 0 0 0 0 0 0 0 0 0 0 0 0 0 0 0 0 0 0 0 0 0 0 0 0 0 0 0 0 0 0 0 0 0 0 0 0 0 0 0 0 0 0 0 0 0 0 0 0 0 0 0 0 0 0 0 0 0 0 0 0 0 0 0 0 0 0 0 0 0 0 0 0 0 0 0 0 0 0 0 0 0 0 0 0 0 0 0 0 0 0 0 0 0 0 0 0 0 0 0 0 0 0 0 0 0 0 0 0 0 0 0 0 0 0 0 0 0 0 0 0 0 0 0 0 0 0 0 0 0 0 0 0 0 
0 0 0 0 0 0 0 0 0 0 0 0 0 0 0 0 0 0 0 0 0 0 0 0 0 0 0 0 0 0 0 0 0 0 0 0 0 0 0 0 0 0 0 0 0 0 0 0 0 0 0 0 0 0 0 0 0 0 0 0 0 0 0 0 0 0 0 0 0 0 0 0 0 0 0 0 0 0 0 0 0 0 0 0 0 0 0 0 0 0 0 0 0 0 0 0 0 0 0 0 0 0 0 0 0 0 0 0 0 0 0 0 0 0 0 0 0 0 0 0 0 0 0 0 0 0 0 0 0 0 0 0 0 0 0 0 0 0 0 0 0 0 0 0 0 0 0 0 0 0 0 0 0 0 0 0 0 0 0 0 0 0 0 0 0 0 0 0 0 0 0 0 0 0 0 0 0 0 0 0 0 0 0 0 0 0 0 0 0 0 0 0 0 0 0 0 0 0 0 0 
0 0 0 0 0 0 0 0 0 0 0 0 0 0 0 0 0 0 0 0 0 0 0 0 0 0 0 0 0 0 0 0 0 0 0 0 0 0 0 0 0 0 0 0 0 0 0 0 0 0 0 0 0 0 0 0 0 0 0 0 0 0 0 0 0 0 0 0 0 0 0 0 0 0 0 0 0 0 0 0 0 0 0 0 0 0 0 0 0 0 0 0 0 0 0 0 0 0 0 0 0 0 0 0 0 0 0 0 0 0 0 0 0 0 0 0 0 0 0 0 0 0 0 0 0 0 0 0 0 0 0 0 0 0 0 0 0 0 0 0 0 0 0 0 0 0 0 0 0 0 0 0 0 0 0 0 0 0 0 0 0 0 0 0 0 0 0 0 0 0 0 0 0 0 0 0 0 0 0 0 0 0 0 0 0 0 0 0 0 0 0 0 0 0 0 0 0 0 0 0 
0 0 0 0 0 0 0 0 0 0 0 0 0 0 0 0 0 0 0 0 0 0 0 0 0 0 0 0 0 0 0 0 0 0 0 0 0 0 0 0 0 0 0 0 0 0 0 0 0 0 0 0 0 0 0 0 0 0 0 0 0 0 0 0 0 0 0 0 0 0 0 0 0 0 0 0 0 0 0 0 0 0 0 0 0 0 0 0 0 0 0 0 0 0 0 0 0 0 0 0 0 0 0 0 0 0 0 0 0 0 0 0 0 0 0 0 0 0 0 0 0 0 0 0 0 0 0 0 0 0 0 0 0 0 0 0 0 0 0 0 0 0 0 0 0 0 0 0 0 0 0 0 0 0 0 0 0 0 0 0 0 0 0 0 0 0 0 0 0 0 0 0 0 0 0 0 0 0 0 0 0 0 0 0 0 0 0 0 0 0 0 0 0 0 0 0 0 0 0 0 
0 0 0 0 0 0 0 0 0 0 0 0 0 0 0 0 0 0 0 0 0 0 0 0 0 0 0 0 0 0 0 0 0 0 0 0 0 0 0 0 0 0 0 0 0 0 0 0 0 0 0 0 0 0 0 0 0 0 0 0 0 0 0 0 0 0 0 0 0 0 0 0 0 0 0 0 0 0 0 0 0 0 0 0 0 0 0 0 0 0 0 0 0 0 0 0 0 0 0 0 0 0 0 0 0 0 0 0 0 0 0 0 0 0 0 0 0 0 0 0 0 0 0 0 0 0 0 0 0 0 0 0 0 0 0 0 0 0 0 0 0 0 0 0 0 0 0 0 0 0 0 0 0 0 0 0 0 0 0 0 0 0 0 0 0 0 0 0 0 0 0 0 0 0 0 0 0 0 0 0 0 0 0 0 0 0 0 0 0 0 0 0 0 0 0 0 0 0 0 0 
0 0 0 0 0 0 0 0 0 0 0 0 0 0 0 0 0 0 0 0 0 0 0 0 0 0 0 0 0 0 0 0 0 0 0 0 0 0 0 0 0 0 0 0 0 0 0 0 0 0 0 0 0 0 0 0.117 0.1386 0.234 0.18 0.234 0.387 0.117 0.027 0.1413 0.09 0.027 0.027 0.054 0 0 0.0243 0 0 0 0 0 0 0 0 0 0 0 0 0 0 0 0 0 0 0 0 0 0 0 0 0 0 0 0 0 0 0 0 0 0 0 0 0 0 0 0 0 0 0 0 0 0 0 0 0 0 0 0 0 0 0 0 0 0.09 0.027 0 0.18 0 0.2043 0.18 0 0 0 0.0243 0.18 0 0.027 0.054 0 0 0 0 0 0 0 0 0 0 0 0 0 0 0 0 0 0 0 0 0 0 0 0 0 0 0 0 0 0 0 0 0 0 0 0 0 0 0 0 0 0 0 0 0 0 0 0 0 0 0 0 0 0 0 0 0 
0 0 0 0 0 0 0 0 0 0 0 0 0 0 0 0 0 0 0 0 0 0 0 0 0 0 0 0 0 0 0.09 0 0 0 0 0 0 0 0 0 0 0 0 0 0 0 0 0 0 0 0.18 0.297 0.117 0.2943 0.657 0.207 0.5913 0.477 0.117 0.27 0.297 0.27 0.054 0.144 0.27 0.144 0.117 0.207 0.207 0.225 0.09 0.207 0.171 0.297 0.261 0.09 0.18 0.2043 0.198 0.27 0.0783 0 0 0 0 0 0 0 0 0 0 0 0 0 0 0 0 0 0 0.117 0 0 0 0 0 0 0 0 0 0 0 0 0 0 0 0 0 0 0 0 0 0 0 0.27 0.387 0.45 0.45 0.477 0.504 0.171 0.18 0.387 0.117 0.27 0.27 0.324 0.207 0.207 0.117 0.27 0.144 0.171 0 0 0.144 0.027 0.08829 0 0 0 0 0 0 0 0 0 0 0 0 0 0 0 0 0 0 0 0.09 0.09 0.09 0.09 0.18 0.09 0 0 0 0 0 0 0 0 0 0 0 0 0 0 0 0 0 0 0 0 0 0 0 0 0 0 0 0 
0 0 0 0 0 0 0 0 0 0 0 0 0 0 0 0 0 0 0 0 0 0 0 0 0 0 0 0 0 0.234 0.312015 0.207 0 0 0 0 0 0 0 0 0 0 0 0 0 0 0 0 0 0 0.3429 0.378 0.117 0.27 0.297 0.387 0.657 0.747 0.3213 0.18 0.477 0.207 0.27 0.027 0.324 0.207 0.054 0.117 0.3483 0.117 0.297 0.09 0.117 0.117 0.144 0.09 0.117 0.468 0.1683 0.144 0.351 0 0 0 0 0 0 0 0 0 0 0 0 0 0 0 0 0 0 0.18 0 0 0 0 0 0 0 0 0 0 0 0 0 0 0 0 0 0 0 0 0 0 0 0.414 0.4482 0.387 0.117 0.387 0.45 0.261 0.297 0.63 0.234 0.387 0.288 0.36 0.477 0.207 0.207 0.144 0.207 0.027 0.027 0.18 0 0.027 0 0 0 0 0 0 0 0 0 0 0 0 0 0 0 0 0 0 0.18 0 0.36 0.36 0.36 0.09 0.18 0.18 0.207 0.27 0.18 0.09 0 0 0 0 0 0 0 0 0 0 0 0 0 0 0 0 0 0 0 0 0 0 0 0 
0 0 0 0 0 0 0 0 0 0 0 0 0 0 0 0 0 0 0 0 0 0 0 0 0 0 0 0 0.18 0.36 0.54 0.27 0.495 0.027 0 0 0 0 0 0 0 0 0 0 0 0 0 0 0 0 0.657 0.379968 0.4653 0.234 0.351 0.18 0.504 0.2943 0.207639 0.225 0.081 0.387 0.18 0.225 0.117 0.027 0.234 0.261 0.27 0.387 0.234 0.117 0.09 0.117 0.234 0.09 0.324 0.2043 0.0513 0.234 0.027 0 0 0 0 0 0 0 0 0 0 0 0 0 0 0 0 0 0 0.387 0.27 0 0 0 0 0 0 0 0 0 0 0 0 0 0 0 0 0 0 0 0 0 0 0.18 0.324 0.18 0.2313 0.261 0.18 0.54 0.297 0.504 0.027 0.06129 0.54 0.531 0.261 0.297 0.027 0.09 0.207 0.027 0.09 0.054 0.144 0.108 0 0 0 0 0 0 0 0 0 0 0 0 0 0 0 0.09 0 0.477 0.27 0.36 0.1143 0.477 0.18 0.09 0.45 0.09 0.18 0.18 0.27 0.09 0.18 0 0 0 0 0 0 0 0 0 0 0 0 0 0 0 0 0 0 0 0 0 0 0 
0 0 0 0 0 0 0 0 0 0 0 0 0 0 0 0 0 0 0 0 0 0 0 0 0 0 0 0.234 0.54 0.36 0.18 0.2043 0.297 0.189 0 0 0 0 0 0 0 0 0 0 0 0 0 0 0 0 0.171 0.2043 0.321561 0.414 0.297 0.387 0.36 0.414 0.207 0.234 0.1386 0.234 0.22887 0.27 0.171 0.171 0.297 0.117 0.261 0.1413 0.117 0.22158 0.297 0.3483 0.054 0.504 0.117 0.27 0.081 0.432 0.207 0 0 0 0 0 0 0 0 0 0 0 0 0 0 0 0 0 0.261 0.594 0.18 0 0 0 0 0 0 0 0 0 0 0 0 0 0 0 0 0 0 0 0 0 0 0.27 0.28287 0.387 0.207 0.387 0.21429 0.45 0.207 0.108 0.2583 0.72 0.18 0.21429 0.207 0.234 0.09 0.387 0 0.207 0.234 0.207 0.054 0.054 0 0 0 0 0 0 0 0 0 0 0 0 0 0 0.09 0.171 0.27 0.27 0.531 0.45 0.18 0.36 0.207 0.45 0.18 0.36 0.18 0.09 0.117 0.18 0.27 0 0 0 0 0 0 0 0 0 0 0 0 0 0 0 0 0 0 0 0 0 0 0 
0 0 0 0 0 0 0 0 0 0 0 0 0 0 0 0 0 0 0 0 0 0 0 0 0 0 0.27 0.09 0.54 0.18 0.351 0.423 0 0.45 0.162 0.0243 0 0 0 0 0 0 0 0 0 0 0 0 0 0 0.234 0.378 0.567 0.495 0.324 0.45 0.324 0.36 0.18 0.0783 0.09 0.117 0.414 0.117 0.3213 0.39987 0.207 0.117 0.324 0.171 0.207 0.297 0.1413 0.225 0.36 0.198 0.117 0.297 0.351 0.2583 0.117 0 0 0 0 0 0 0 0 0 0 0 0 0 0 0 0 0 0.27 0.36 0.117 0.13887 0 0 0 0 0 0 0 0 0 0 0 0 0 0 0 0 0 0 0 0 0 0.387 0.36 0.4383 0.09 0.387 0.48429 0.36729 0.324 0.324 0.117 0.504 0.117 0.09 0.117 0.09 0.387 0.144 0.297 0.006561 0 0.09 0.09 0.027 0.00729 0 0 0 0 0 0 0 0 0 0 0 0 0 0.27 0.18 0.18 0.18 0.36 0.207 0.36 0.36 0.18 0.27 0.18 0.54 0.297 0.36 0.297 0.27 0.09 0 0 0.054 0 0 0 0 0 0 0 0 0 0 0 0 0 0 0 0 0 0 0 0 
0 0 0 0 0 0 0 0 0 0 0 0 0 0 0 0 0 0 0 0 0 0 0 0 0 0.297 0.567 0.63 0.45 0.18 0.18 0.33561 0.351 0.27 0.09 0.0243 0 0 0 0 0 0 0 0 0 0 0 0 0 0 0.27 0.378 0.567 0.414 0.387 0.6543 0.4113 0.261 0.29529 0.17559 0.15129 0.21429 0.054 0.261 0.09 0.207 0.1953 0.09 0.2493 0.15129 0.18 0.0243 0.261 0.288 0.18 0.171 0.207 0.117 0.297 0.117 0.234 0 0 0 0 0 0 0 0 0 0 0 0 0 0 0 0 0.1143 0.63 0.414 0.27 0.054 0 0 0 0 0 0 0 0 0 0 0 0 0 0 0 0 0 0 0 0 0 0.297 0.27 0.18 0.504 0.504 0.297 0.5013 0.27 0.594 0.18 0.207 0.09 0.18 0.207 0.27 0.297 0.144 0.297 0.09 0.027 0 0.1143 0.081 0 0 0 0 0 0 0 0 0 0 0 0 0 0.18 0.36 0.276561 0.27 0.2529 0.3429 0.36 0.387 0.63 0.27 0.45 0.3843 0.36 0.18 0.18 0.207 0.297 0.054 0.09 0 0 0 0 0 0 0 0 0 0 0 0 0 0 0 0 0 0 0 0 0 0 
0 0 0 0 0 0 0 0 0 0 0 0 0 0 0 0 0 0 0 0 0 0 0 0 0.36 0.297 0.207 0.387 0.711 0.27 0.2043 0.2853 0.351 0.342 0.207 0.351 0.171 0 0 0 0 0 0 0 0 0 0 0 0 0 0.387 0.387 0.42129 0.441 0.4653 0.477 0.405 0.3213 0.234 0.054 0.117 0.297 0.387 0.2853 0.18 0.351 0.208968 0.1386 0.225 0.252 0.135 0.11187 0.3969 0.27 0.0513 0.252 0.027 0.081 0.4383 0.207 0.387 0 0 0 0 0 0 0 0 0 0 0 0 0 0 0 0.09 0.117 0.18 0.36 0.324 0.621 0.09 0 0 0 0 0 0 0 0 0 0 0 0 0 0 0 0 0 0 0 0 0.2313 0.5643 0.351 0.261 0.31149 0.387 0.414 0.207 0.4113 0.477 0.18 0.0783 0.504 0.477 0.1413 0.0513 0.477 0 0.117 0.117 0.0513 0 0 0.1053 0 0 0 0 0 0 0 0 0 0 0 0.09 0.18 0.3843 0.27 0.297 0.36 0.351 0.207 0.117 0.27 0.45 0.45 0.18 0.207 0.36 0.18 0.477 0 0.18 0.09 0.0243 0.18 0.09 0 0 0 0 0 0 0 0 0 0 0 0 0 0 0 0 0 0 0 
0 0 0 0 0 0 0 0 0 0 0 0 0 0 0 0 0 0 0 0 0 0 0.027 0.27 0.414 0.477 0.477 0.441 0.54 0.27 0.441 0.4023 0.351 0.36 0.109431 0.36 0.18 0 0.09 0 0 0 0 0 0 0 0 0 0 0 0.27 0.324 0.3843 0.441 0.31887 0.387 0.208968 0.5283 0.378 0.117 0.09 0.09 0.144 0.027 0.378 0.18 0.207 0.2313 0.324 0.054 0.027 0.387 0.288 0.207 0.108 0.117 0.117 0.207 0.261 0.297 0.405 0 0 0 0 0 0 0 0 0 0 0 0 0 0 0 0.12429 0.441 0.477 0.297 0.261 0.414 0.081 0.117 0 0 0 0 0 0 0 0 0 0 0 0 0 0 0 0 0 0 0 0.09 0.09 0.09 0.531 0.387 0.36 0.504 0.441 0.27 0.351 0.2313 0.234 0.207 0.297 0.09 0.09 0.09 0.027 0.09 0.0289683 0.27 0.117 0.027 0.00729 0 0 0 0 0 0 0 0 0 0 0 0.2943 0.2556 0.0243 0.18 0.39159 0.18 0.48177 0.297 0.36 0.387 0.186561 0.387 0.117 0.09 0.18 0.207 0.09 0.234 0.18 0.117 0.27 0.117 0.09 0 0 0 0 0 0 0 0 0 0 0 0 0 0 0 0 0 0 0 
0 0 0 0 0 0 0 0 0 0 0 0 0 0 0 0 0 0 0 0 0 0 0.54 0.63 0.504 0.414 0.477 0.54 0.378 0.207 0.486 0.3213 0.2313 0.266314 0.27 0.342 0.2682 0.567 0.387 0 0 0 0 0 0 0 0 0 0 0 0.18 0.198 0.36 0.18 0.4113 0.504 0.63 0.234 0.144 0.29961 0.18 0.117 0.117 0.324 0.297 0.207 0.09 0.117 0.225 0.45 0.18 0.135 0.36 0.2943 0.207 0.027 0.09 0.2853 0.09 0.117 0.198 0 0 0 0 0 0 0 0 0 0 0 0 0 0 0 0.45 0.504 0.567 0.477 0.567 0.297 0.369 0 0 0 0 0 0 0 0 0 0 0 0 0 0 0 0 0 0 0 0 0.18 0.27 0.144 0.297 0.297 0.324 0.387 0.18729 0.351 0.3753 0.324 0.261 0.297 0.45 0.027 0.297 0.2043 0.027 0.2313 0 0.09 0.0513 0 0.027 0 0 0 0 0 0 0 0 0 0 0 0.207 0.1629 0.297 0.027 0.27 0.18 0.27 0.207 0.18 0.09 0.297 0.27 0.297 0.414 0.36 0.09 0.207 0.09 0.09 0.297 0.18 0 0 0.054 0 0 0 0 0 0 0 0 0 0 0 0 0 0 0 0 0 0 
0 0 0 0 0 0 0 0 0 0 0 0 0 0 0 0 0 0 0 0 0 0.387 0.567 0.477 0.45 0.657 0.63 0.72 0.324 0.108 0.2943 0.36 0.27 0.3213 0.3663 0.09 0.261 0.19791 0.252 0.342 0 0 0 0 0 0 0 0 0 0 0.288 0.4383 0.4212 0.171 0.558 0.594 0.504 0.207 0.45 0.1143 0.207 0.387 0.27 0.261 0.432 0.24129 0.117 0.207 0.28287 0.027 0.27 0.054 0.414 0.387 0.21429 0.261 0.4023 0.18 0.252 0.1863 0.2223 0 0 0 0 0 0 0 0 0 0 0 0 0 0 0.27 0.207 0.54 0.387 0.504 0.27 0.315 0.27 0.324 0 0 0 0 0 0 0 0 0 0 0 0 0 0 0 0 0 0 0 0.27 0.297 0.30429 0.2583 0.14859 0.378 0.207 0.324 0.297 0.387 0.477 0.18 0.2583 0.297 0.18 0.054 0.054 0.117 0.0243 0.09729 0.171 0.081 0.027 0 0 0 0 0 0 0 0 0 0 0 0 0.09 0.1899 0.54 0.297 0.27 0.3429 0.18 0.45 0.451771 0.18 0.3843 0.09 0.414 0.27 0.27 0.027 0.117 0.387 0.09 0 0.09 0.18 0.027 0 0 0 0 0 0 0 0 0 0 0 0 0 0 0 0 0 0 0 
0 0 0 0 0 0 0 0 0 0 0 0 0 0 0 0 0 0 0 0 0.36 0.54 0.387 0.477 0.477 0.297 0.567 0.477 0.18 0.45 0.549 0.4239 0.12987 0.1953 0.117 0.324 0.027 0.4473 0.188715 0.3843 0.18 0.09 0 0 0 0 0 0 0 0 0.11187 0.5913 0.5283 0.2853 0.4743 0.5769 0.387 0.324 0.117 0.054 0.2223 0.12429 0.117 0.1683 0.36 0.18 0.21429 0.18 0.387 0.29187 0.027 0.297 0.117 0.207 0.1413 0.144 0.09 0.117 0.234 0.297 0.144 0 0 0 0 0 0 0 0 0 0 0 0 0 0.09 0.27 0.1413 0.54 0.36 0.414 0.27 0.27 0.09 0.18 0.351 0.09 0 0 0 0 0 0 0 0 0 0 0 0 0 0 0 0 0 0.54 0.387 0.297 0.387 0.297 0.36 0.45 0.117 0.36 0.504 0.18 0.351 0.297 0.144 0.207 0.09 0.09 0.12429 0.09 0.27 0.117 0.117 0 0 0 0 0 0 0 0 0 0 0 0 0.09 0.027 0.27 0.027 0.477 0.09 0.324 0.477 0.207 0.207 0.027 0.117 0.117 0.09 0.468 0.207 0.18 0 0.234 0.234 0.27 0 0.18 0.144 0.117 0 0 0 0 0 0 0 0 0 0 0 0 0 0 0 0 0 0 
0 0 0 0 0 0 0 0 0 0 0 0 0 0 0 0 0 0 0.27 0.477 0.387 0.54 0.477 0.117 0.63 0.54 0.567 0.45 0.18 0.2943 0.1413 0.11187 0.21987 0.162 0.3663 0.27 0.198 0.09 0.1953 0.255784 0.081 0.27 0 0 0 0 0 0 0 0 0.25587 0.387 0.559683 0.117 0.24129 0.504 0.414184 0.4383 0.378 0.054 0.207 0.17748 0.18 0.027 0.12429 0.198 0.207 0.225 0.117 0 0.117 0.04887 0.0513 0.27 0.2313 0.207 0.198 0.27 0.351 0.2943 0.18 0 0 0 0 0 0 0 0 0 0 0 0 0 0.186561 0.3186 0.594 0.387 0.297 0.297 0.117 0.54 0.1143 0.144 0.18 0.081 0 0 0 0 0 0 0 0 0 0 0 0 0 0 0 0 0 0.3843 0.207 0.3843 0.22887 0.54 0.594 0.207 0.117 0.477 0.09 0.297 0.30429 0.324 0.144 0.207 0.207 0.207 0 0.117 0.081 0.117 0.1053 0.027 0.18387 0 0 0 0 0 0 0 0 0 0 0.0243 0.18 0.297 0.45 0.38529 0.0486 0.54 0.387 0.27 0.1143 0.09 0.27 0 0.387 0.351 0.45 0.09 0.387 0.27 0.27 0.027 0.117 0.207 0 0 0 0 0 0 0 0 0 0 0 0 0 0 0 0 0 0 0 0 
0 0 0 0 0 0 0 0 0 0 0 0 0 0 0 0 0 0 0.117 0.387 0.054 0.288 0.171 0.351 0.324 0.324 0.3456 0.234 0.197451 0.257905 0.11529 0.14859 0.2133 0.1593 0.15417 0.081 0.0783 0.087561 0.0868293 0.22329 0.08505 0.1323 0 0 0 0 0 0 0 0 0.03429 0.3123 0.477 0.34047 0.297 0.297 0.461671 0.351 0.324 0.054 0.324 0.123561 0.288 0.09 0.13887 0.150561 0.117 0.117 0.117 0.45 0.1143 0.297 0.18 0.378 0.054 0.09 0.108 0.1269 0.144 0.234 0.207 0 0 0 0 0 0 0 0 0 0 0 0 0 0.18 0.2772 0.36 0.45 0.45 0.324 0.36 0.36 0.18 0.207 0.45 0.15561 0 0 0 0 0 0 0 0 0 0 0 0 0 0 0 0 0 0.38187 0.297 0.1593 0.477 0.324 0.4653 0.4023 0.45 0.567 0.208968 0.27 0.18729 0.297 0.297 0.2043 0.18 0 0.117 0.18 0.162 0.027 0 0.144 0 0 0 0 0 0 0 0 0 0 0 0.1629 0.147205 0.261 0.171 0.18 0.47187 0.36 0.366561 0.054 0.36 0.45 0.234 0.18 0.36 0.171 0.09 0.234 0.27 0.207 0.054 0.09729 0.09 0.09 0.027 0 0 0 0 0 0 0 0 0 0 0 0 0 0 0 0 0 0 0 
0 0.03 0.15 0 0.06 0.09 0.12 0.06 0.03 0 0.09 0 0 0.03 0.09 0 0.06 0.06 0.06 0.03 0.1443 0.288 0.321561 0.297 0.291861 0.117 0.144 0.17829 0.15129 0.111205 0.171 0.192861 0.189 0.0999 0.3033 0.1539 0.27 0.261 0.216 0.3123 0.11529 0.054 0.03 0.03 0.06 0.03 0.09 0.09 0.03 0.03 0.12 0.468 0.325161 0.4212 0.387 0.2043 0.477 0.2043 0.45 0.09 0.0919683 0.027 0 0.1242 0.324 0.144 0.144 0.207 0.1143 0.297 0.027 0.405 0.144 0.09 0.378 0.352968 0.18 0.216 0.06129 0.387 0.144 0.06 0 0 0.09 0.03 0.06 0.03 0 0.03 0.09 0 0 0.03 0.36 0.5643 0.207 0.36 0.27 0.477 0.27 0.36 0.18 0.297 0.144 0.1953 0.03 0.03 0 0 0.03 0 0.03 0 0 0.06 0 0.06 0.03 0.03 0.03 0 0 0.25587 0.234 0.297 0.27 0.30429 0.3483 0.4113 0.387 0.09 0.18 0.27 0.2043 0.18 0.324 0 0.144 0.1413 0.18 0.261 0.027 0.0559683 0.117 0.117 0.06159 0.06 0 0 0 0.03 0 0 0.03 0 0.03 0.0843 0.2529 0.207 0.18 0.054 0.2313 0.144 0.2583 0.324 0.199683 0.18 0.324 0.387 0.027 0.171 0.33129 0.234 0 0.18 0.234 0.00729 0.027 0.144 0 0 0 0 0 0.03 0 0.03 0 0 0.03 0 0.03 0 0.03 0.03 0 0 0.03 0 
0.09 0.03 0.15 0.09 0 0.09 0.12 0.06 0.09 0.09 0.12 0.12 0.03 0.09 0.09 0.06 0.12 0.03 0 0.03 0.12 0.189 0.1683 0.3753 0.27 0.414 0.324 0.138141 0.234 0.027 0.216 0.38817 0.19476 0.081 0.1593 0.222561 0.198 0.1656 0.2223 0.16659 0.15 0.15 0.09 0.06 0.06 0.03 0.09 0.12 0.09 0.03 0.237 0.477 0.38529 0.477 0.288 0.477 0.5013 0.35289 0.414 0.207 0.117 0.144 0.27 0.054 0.27 0.054 0.144 0.027 0.198 0.144 0 0.35019 0.405 0.0513 0.171 0.324 0.156585 0.324 0 0.054 0.18 0.03 0.06 0.06 0.06 0.03 0.12 0.12 0 0.06 0.03 0.09 0 0.378 0.351 0.40617 0.72 0.27 0.27 0.45 0.54 0.36 0.5643 0.1143 0.12159 0.171 0.1143 0.06 0.12 0.09 0.06 0 0.09 0.03 0.03 0.06 0.03 0.06 0.12 0.12 0 0.06 0.06 0.27 0.2853 0.477 0.3213 0.405 0.027 0.414 0.21429 0.567 0.4113 0.30429 0.324 0.22158 0.18 0.027 0.207 0.207 0.18 0.081 0.1413 0.027 0 0.027 0 0.03 0.06 0 0 0 0.03 0.06 0.06 0.03 0.03 0.027 0.09 0.1566 0.09 0.027 0.054 0.223983 0.207 0.144 0.207 0.18 0.27 0.117 0.387 0.324 0.027 0.117 0.027 0.144 0.36 0.18 0.0289683 0 0 0 0 0.06 0.03 0 0 0.06 0 0.06 0.06 0.06 0.06 0.03 0.06 0.09 0.03 0 0 0 
0.09 0.12 0 0.09 0 0.12 0.09 0.12 0.09 0.03 0.09 0.06 0.12 0.12 0.03 0.09 0.09 0 0.12 0.03 0 0.12 0.267 0.378 0.297 0.3123 0.054 0.19989 0.207 0.0486 0.114561 0.2133 0.117 0.030861 0.1323 0.07317 0.09 0.189 0.0589683 0.141 0.09 0.06 0.06 0.24 0.06 0.09 0.03 0.06 0.09 0.03 0.33729 0.15417 0.303561 0.5013 0.2043 0.261 0.3312 0.5283 0.261 0.198 0.117 0.1656 0.297 0.117 0.225 0.2313 0.27 0.36 0.144 0.207 0.150561 0.117 0.45 0.09 0.18 0.234 0.27 0.18 0.198 0.1143 0.261 0.09 0.12 0.09 0.09 0.03 0.06 0.06 0.06 0.09 0.12 0.03 0.1713 0.378 0.54 0.36 0.649683 0.387 0.3483 0.207 0.144 0.09 0.27 0 0.207 0.36 0.2043 0 0.06 0 0.09 0.03 0.15 0.06 0.06 0.09 0.12 0 0.03 0.06 0.03 0.09 0 0.324 0.441 0 0.387 0.477 0.387 0.234 0.27 0.63 0.315 0.09 0.00729 0.297 0.117 0.18 0.36 0.234 0.297 0 0.00729 0.09 0.0275314 0 0.03 0.09 0 0.06 0.09 0.03 0 0 0.09 0 0 0.027 0.006561 0.1413 0.27 0.09729 0.303561 0.261 0.27 0.27 0.1413 0.378 0.4743 0.081 0.234 0.27 0.207 0.027 0.117 0.054 0.09 0 0.0513 0.00729 0.054 0.087 0.06 0.03 0 0.03 0.03 0.09 0.03 0.09 0 0.06 0.12 0.03 0.06 0 0.03 0 0.06 0.09 
0.09 0.15 0.18 0.18 0.06 0.09 0.15 0.06 0.12 0.12 0.09 0.15 0.15 0.09 0.15 0 0.09 0.09 0.06 0.12 0.09 0.06 0.087 0.29559 0.31959 0.15858 0.39429 0.261 0.054 0.387 0.22329 0.0579366 0.135 0.09288 0.054 0.1539 0.189 0.177 0.1143 0.09 0.18 0.03 0 0.03 0.03 0.09 0.06 0.09 0.09 0.03 0.212905 0.4113 0.4653 0.4743 0.417861 0.594 0.45 0.441 0.27 0.324 0.027 0.2529 0.207 0.36 0.27 0.369 0.144 0.054 0.234 0.117 0.225 0.0783 0.027 0.144 0.09 0.054 0.09 0 0 0.117 0.279 0.15 0.03 0 0.06 0.09 0.06 0 0.03 0.06 0.06 0.06 0.02187 0.1413 0.387 0.567 0.351 0.297 0.5283 0.27 0.27 0.207 0.234 0.027 0.36 0.297 0.081 0.252 0.03 0.09 0.09 0.12 0.09 0.09 0.06 0.06 0.06 0.03 0.06 0.03 0.15 0.06 0.06 0.297 0.207 0.387 0.2853 0.2313 0.27 0.27 0.297 0.2943 0.21159 0.18 0.36 0.12429 0.09 0.36729 0.2043 0.144 0.09 0 0.027 0.117 0.027 0.0783 0 0.03 0.03 0.09 0.03 0.12 0.06 0.03 0.09 0.03 0.03 0.03 0.12 0.297 0.1899 0.18 0.2853 0.117 0.23859 0.207 0.208968 0.171 0.24129 0.261 0.027 0.18 0.09729 0.144 0.207 0.207 0 0.18 0 0.054 0 0.03 0 0.03 0.12 0.12 0.09 0.09 0.06 0.06 0 0.06 0.03 0.06 0.03 0 0.09 0 0.09 0.06 
0.21 0.06 0.12 0.06 0.06 0.15 0.15 0.09 0.06 0.09 0.06 0.06 0.06 0.12 0.06 0.03 0.06 0.15 0.12 0.06 0.12 0.06 0.12 0.12 0.22158 0.3213 0.144 0.08829 0.2853 0.144 0.08829 0.054 0.1593 0.265851 0.135 0.084861 0.0783 0.09 0.06 0 0.09 0.06 0.06 0.12 0.03 0.06 0.15 0.03 0.06 0.18 0.5043 0.13617 0.288 0.3213 0.6039 0.3843 0.262968 0.324 0.144 0.135 0.1026 0.144 0.414 0.315 0.24417 0.13887 0.297 0.414 0.36 0.234 0.378 0.144 0.1143 0.171 0.081 0.09 0.081 0.234 0.1143 0.0243 0.054 0.027 0.06 0.12 0.03 0.09 0.03 0.18 0.03 0.12 0.03 0.24 0.54 0.3753 0.5643 0.5013 0.207 0.54 0.387 0.18 0.297 0.387 0.09 0.207 0.234 0.207 0.054 0.171 0.03 0.06 0.06 0.03 0.06 0.06 0.06 0.09 0.03 0.12 0.03 0.03 0 0.03 0.09 0.2583 0.5229 0.27 0.414 0.4113 0.4113 0.297 0.54 0.441 0.18729 0.441 0.117 0.387 0.117 0.1953 0.18 0.1143 0.207 0.09 0 0.09 0.18 0 0.0513 0 0.09 0.09 0.06 0.06 0.06 0 0.06 0.06 0.09 0.03 0 0.1143 0.207 0.150561 0.18729 0.027 0.324 0.09 0.45 0.09 0.0756 0.261 0.207 0.00729 0.12429 0.2043 0.207 0.207 0.234 0.081 0.261 0.027 0.087 0 0.06 0.03 0 0.06 0.09 0.06 0.06 0 0.03 0.06 0.09 0.06 0.03 0.03 0 0.12 0 0 
0.09 0.06 0.06 0.03 0.09 0.12 0.03 0.15 0 0.15 0.15 0.06 0.03 0.18 0.09 0.15 0.12 0.06 0.09 0.06 0.12 0.18 0.09 0.09 0.09 0.2223 0.234 0.234 0.17829 0.11259 0.0783 0.14661 0.225 0.162 0.135 0.206973 0.09729 0.03 0.12 0.18 0.15 0.09 0.09 0.12 0.09 0.09 0.03 0.03 0.03 0.03 0.327 0.594 0.237861 0.504 0.417861 0.28017 0.36 0.2943 0.18729 0.18729 0.144 0.117 0.297 0.234 0.1386 0.18 0.297 0.17829 0.117 0.09 0.207 0.107715 0.3213 0.117 0.18729 0.234 0.207 0.1656 0.027 0.162 0.1683 0.09 0.09 0.12 0.09 0.03 0.09 0.06 0.18 0.06 0 0.0917715 0.45 0.558 0.558 0.63 0.297 0.477 0.477 0.36 0.45 0.324 0.45 0.315 0.108 0.18 0.2763 0.23661 0.081 0.15 0.06 0.03 0.09 0.03 0.03 0 0.06 0.09 0 0.12 0.06 0.12 0.12 0.17829 0.351 0.120861 0.3753 0.531 0.234 0.18 0.4599 0.30429 0.4113 0.567 0.18 0.144 0.27 0.18 0.027 0.45 0.027 0.144 0.207 0.144 0.11259 0.0513 0.09 0.03 0.15 0.06 0 0 0.06 0 0.09 0.09 0.06 0.03 0.06 0.108 0.0457083 0.18 0.2826 0.2556 0.12159 0.26829 0.130122 0.32445 0.060561 0.1053 0.027 0.207 0.027 0.09 0.12429 0.054 0.081 0.054 0.054 0 0.09 0.06 0.06 0.03 0.06 0.06 0.06 0.03 0.06 0.03 0.09 0.03 0.06 0.03 0.09 0 0.06 0.06 0.15 0.03 
0.15 0.03 0.09 0.06 0.06 0.09 0.09 0.09 0.12 0.09 0 0.15 0.15 0.09 0.12 0.09 0.09 0.18 0.12 0.09 0.03 0.09 0.06 0.12 0.09 0.21 0.357 0.325968 0.15129 0.261 0.08559 0.220851 0 0.22887 0.126561 0.00729 0.03 0.09 0.12 0.03 0.03 0.03 0.12 0.09 0.06 0 0.03 0.06 0.06 0.03 0.373122 0.4356 0.441 0.5913 0.5913 0.3213 0.567 0.1413 0.324 0.297 0.171 0.261 0 0.3213 0.303561 0.261 0.199683 0.2313 0.1953 0.207 0.117 0.261 0.23229 0.2943 0.36729 0.145968 0.351 0 0.324 0.30159 0.4113 0.09 0.12 0.03 0.06 0 0.06 0.03 0.12 0.06 0.27 0.4923 0.6183 0.414 0.531 0.18 0.324 0.27 0.36 0.387 0.117 0.477 0.477 0.387 0.09 0.334683 0.2943 0.1872 0.09 0.027 0.06 0.06 0.12 0.06 0.09 0.09 0.03 0 0.09 0 0.03 0.06 0.03 0.4113 0.12429 0.28791 0.29259 0.27729 0.477 0.504 0.36 0.18 0.297 0.24129 0.477 0.117 0.2313 0.207 0.027 0 0.36 0.297 0 0.279 0.027 0.0243 0.027 0.06 0.03 0.03 0.03 0 0.12 0.03 0.03 0.06 0.09 0.06 0.06 0.06 0 0.0329049 0.08559 0.04887 0.0664114 0.182151 0.117 0.13959 0.171 0.144 0.117 0.2313 0.207 0 0.081 0.027 0.1413 0 0.03 0.03 0.06 0.12 0.06 0.06 0.06 0.06 0.09 0.06 0.03 0.03 0.03 0.06 0.03 0 0 0.21 0.03 0.06 0 0.06 
0.06 0.03 0.12 0.12 0.03 0.12 0.12 0.09 0.09 0.09 0.03 0.12 0.12 0.03 0.15 0.09 0.09 0.12 0.12 0.15 0.18 0.09 0.12 0.12 0.09 0.15 0.12 0.237 0.2196 0.204558 0.144 0.1593 0.06129 0.231561 0.03 0.09 0.12 0.12 0.09 0.03 0.15 0.03 0.15 0.18 0.12 0.15 0.12 0.0681 0.12 0.06 0.324 0.393561 0.225 0.144 0.47187 0.4743 0.504 0.477 0.297 0.1413 0.08559 0.1413 0.43929 0.117 0.21888 0.09 0.30429 0.283851 0.234 0.171 0.234 0.261 0.2466 0.1143 0.06129 0.117 0.20187 0.18 0.117 0.054 0.144 0.12 0.09 0.09 0.09 0.117 0.09 0.12 0.09 0.03 0.2583 0.297 0.351 0.45 0.621 0.36 0.2043 0.18 0.54 0.378 0.4113 0.18 0.276561 0.3213 0.117 0.144 0.207 0.0513 0.3033 0.00729 0.12 0.06 0.09 0.06 0.06 0 0.09 0.15 0.06 0.12 0.06 0.03 0.09 0.324 0.4113 0.3483 0.207 0.387 0.5913 0.3213 0.36 0.3843 0.477 0.27 0.18 0.27 0.27 0.09 0.117 0.207 0.027 0.0513 0.207 0.144 0.027 0 0.06 0.06 0.03 0 0.12 0 0.06 0 0.06 0.03 0.03 0.06 0.12 0.09 0.087 0 0.126061 0.234 0.145968 0.171 0.0513 0.117 0.09 0.117 0.054 0.01458 0.05859 0.03159 0.08559 0.234 0.006561 0 0.06 0.03 0.06 0.06 0.03 0.03 0.09 0.06 0.06 0.03 0.12 0 0.09 0.03 0.03 0.03 0.06 0 0 0.03 0.06 0.03 
0.12 0.09 0.12 0.12 0.03 0.15 0.12 0.03 0.06 0.06 0.06 0.03 0.12 0.18 0.12 0.06 0.09 0.09 0.06 0 0.06 0.12 0.12 0.09 0.09 0.06 0.06 0.09 0.15129 0.21429 0.162 0.0824283 0.1683 0.09 0.117 0.15 0.09 0.09 0.09 0.15 0.06 0 0.06 0.06 0.03 0 0.06 0.03 0.03 0.03 0.201 0.34587 0.2583 0.45 0.420561 0.3843 0.5913 0.36 0.1683 0.144 0.18 0.387 0.27 0.144 0.207 0.171 0.32859 0.006561 0.2223 0.324 0.2943 0.405 0.261 0.2133 0.387 0.20187 0.1413 0.207 0.09 0.2556 0.18 0.09 0.0543 0.03 0.03 0.18 0.09 0.03 0 0.24 0.36 0.4743 0.36 0.5283 0.72 0.45 0.27 0.36 0.387 0.36 0.324 0.3672 0.207 0.63 0.27 0.081 0.16587 0.297 0.468 0.1593 0.1653 0.06 0.06 0.03 0.03 0.03 0.18 0.09 0.09 0.18 0.12 0.09 0.09 0.261 0.35559 0.207 0.2583 0.3753 0.45 0.18 0.324 0.531 0.3213 0.2223 0.1143 0.324 0.12429 0.18 0.234 0.144 0.18 0.117 0.054 0.027 0.027 0 0.06 0.09 0.06 0 0.03 0.06 0.06 0.03 0.06 0.09 0.06 0.09 0 0.03 0.03 0 0 0.0834214 0.06858 0.0975483 0.18374 0.027 0.2439 0.12429 0.027 0.0783 0.12429 0.081 0 0.00729 0.057 0.09 0.03 0.03 0 0.03 0.03 0.03 0.09 0.03 0.09 0.03 0.06 0.03 0.06 0.09 0 0.09 0 0 0.03 0 0 0.12 
0.09 0.18 0.06 0.03 0.06 0.06 0.15 0.06 0.12 0.06 0.06 0.03 0.12 0.06 0.09 0.15 0.06 0.12 0.03 0.15 0.03 0 0.15 0.06 0.15 0.03 0.09 0.06 0.0681 0.12729 0.109968 0.043851 0.06 0.0381 0.06 0.0081 0.0651 0.0981 0 0.06 0.0081 0.12 0.03 0.057 0.09 0.12 0.0762 0.03 0.032187 0.03 0.3 0.59859 0.53559 0.300861 0.288 0.42129 0.414 0.297 0.05859 0.117 0.297 0.36 0.186561 0.081 0.3483 0.1953 0.207 0.288 0.18 0.00729 0.117 0.2583 0.120861 0.477 0.1386 0 0.171 0.261 0.18 0.04887 0.47187 0 0 0.03 0.096561 0.03 0.06 0 0.06 0.324 0.351 0.27 0.0243 0.621 0.366561 0.45 0.18 0.63 0.39429 0.477 0.4743 0.36729 0.30429 0.31887 0.36 0.387 0.2313 0.171 0.261 0.207 0 0.03 0.0381 0.06 0.147 0.09 0.087 0.03 0.03 0.06 0.09 0.0681 0.09 0.145431 0.1143 0.45 0.324 0.1926 0.261 0.297 0.477 0.2313 0.36729 0.24129 0.207 0.324 0.27 0.186561 0.1323 0.027 0.171 0 0.0545314 0.1026 0.03429 0.150561 0 0.09 0.117 0.03 0.03 0.0681 0.0081 0.09 0.06 0.03 0.0081 0.03 0.06 0.03 0.0381 0.0381 0.06 0.03 0.00159432 0.0289683 0.00729 0.0852712 0.06129 0.103851 0.0289683 0.0905314 0.11187 0.0019683 0 0 0.03 0.03 0.03 0.06 0 0.03 0.03 0.09 0.06 0.06 0.09 0 0.06 0.03 0.03 0.06 0.06 0.06 0 0.03 0.03 0.06 0.03 0.12 
0.09 0.18 0.15 0.09 0.18 0.12 0.09 0.0381 0.087 0.18 0.0381 0.03 0.06 0.0462 0.06 0.057 0.12 0.06 0.15 0.1581 0.0351 0.117 0.18 0.06 0.177 0.057 0.09 0.062187 0.1062 0.0981 0.09159 0.0243 0.0462 0.0705 0.0681 0.0081 0.0162 0.06 0.0381 0.062187 0.0981 0.097287 0.0651 0.03 0.0681 0.032187 0.1224 0.0381 0.1521 0.076767 0.027 0.22689 0.40887 0.44019 0.4293 0.42129 0.42858 0.31887 0.36 0.054 0.12429 0.0783 0.0243 0.1413 0.27 0.261 0.27 0.33129 0.2466 0.297 0.207 0.5013 0.261 0.324 0.36 0 0.1683 0.144 0.144 0.124587 0.16887 0 0.0813 0.06 0.06 0.03 0 0.147 0.357 0.5943 0.207 0.468 0.2286 0.3663 0.3843 0.45 0.441 0.2583 0.27 0.63 0.2043 0.207 0.441 0.054 0.4086 0.18 0.261 0.09 0.09 0.108 0.0813 0.3153 0.09 0.0381 0.06 0.09 0.03 0.09 0.15 0.114 0.09 0.057 0.027 0.42 0.174 0.297 0.366561 0.41229 0.3483 0.3843 0.207 0.451771 0.303561 0.27 0.0756 0.2313 0 0.0243 0.0756 0.2313 0.234 0 0.0243 0.117 0.027 0.03429 0.027 0 0.027 0.06729 0.09 0.06729 0.03 0.002187 0.0381 0.002187 0.0081 0.0708775 0.06 0.0243 0.09129 0.0081 0.032187 0.0081 0.0019683 0 0 0.0311553 0.0243 0.000531441 0.0081 0.0019683 0.03 0.03 0 0 0 0 0 0 0.06 0 0 0 0.09 0.03 0 0.03 0 0 0.06 0.0681 0.09 0.06 0.03 0.03 0.06 0.06 0.09 0.09 
0.09 0.06 0.15 0.09 0.09 0.06 0.12 0.1581 0.06 0 0.0981 0.15 0.087 0.027 0.177 0.092187 0.15 0.0981 0.057 0.0462 0.12 0.06 0.09 0.0951 0.144 0.147 0.087 0.147 0.1251 0.117 0.0924 0.0981 0.117 0.12 0.06 0.089187 0.127287 0.18 0.0621 0.0681 0.11759 0.171 0.087 0.0575905 0.0951 0.0951 0.18 0.0951 0.12 0.087 0.087 0.0940683 0.09429 0.144 0.1113 0.27129 0.39429 0.54 0.354 0.237 0.27 0.027 0.2613 0.1086 0.06969 0.208968 0.09 0.00729 0.1281 0.15 0.0681 0.126561 0.057 0.0670683 0.117 0.1362 0.0924 0.1281 0.0681 0.027 0.09 0.144 0.171 0.09729 0 0.12 0.084 0.06 0.09 0.18 0.1251 0.06 0.258 0.24 0.33 0.15729 0.2043 0.12 0.174 0.117 0.0670683 0.081 0.006561 0.087 0.09 0.057 0.09 0.1143 0.0651 0.06 0.087 0.117 0.03 0.06 0 0.09 0.0081 0.087 0.12 0.0981 0.054 0.06729 0.177 0.087 0.09 0.087 0.115968 0.15 0.09 0.177 0.054 0.087 0.06 0.16539 0.27099 0.06 0.174 0.03 0.057 0.0981 0.0243 0 0.06 0.057 0.00729 0.06 0.0681 0.09729 0.06 0.0981 0.03 0.06 0.117 0.1281 0 0.12 0.06 0.0681 0.15159 0.03 0.06 0.092187 0.0651 0.0305905 0.03 0.0513 0.09 0.057 0.147 0.0351 0.0381 0.09 0.09 0.0651 0.0381 0.0843 0.06 0.09 0.0767905 0.0305314 0.0162 0.0381 0.002187 0.117 0.002187 0.070287 0.06 0.06 0.03 0.03 0.03 0.03 0.06 0 0.18 0.06 0.1281 0 0.09 0.03 
0.06 0.03 0.0681 0.0981 0.0981 0.09 0.09 0.09 0 0.15 0.09 0.06 0.0681 0.12 0.06 0.0981 0.03729 0.12 0.117 0.12 0.03 0.1551 0.087 0.03 0.12 0.0951 0.15 0.12 0.0543 0.09 0.09 0.117 0.12 0.06 0.147 0.1281 0.06 0.15 0.06 0.0981 0.117 0.1551 0.06 0.09 0.093561 0.09 0.1551 0.117 0.03729 0.1251 0.237 0.09 0.144 0.1332 0.1281 0.12 0.117 0.12 0.09 0.03 0.03 0.12 0.06 0.092187 0.0651 0.177 0.057 0.12 0.147 0.12 0.06 0.117 0.12 0.09 0.12 0.09 0.15 0.234 0.09 0.057 0.06 0.117 0.03729 0.057 0.057 0.12 0.087 0.12 0.06 0.09 0.087 0.09 0.0381 0.12 0.06 0.12 0.087 0.09 0.21 0.057 0.18 0.12 0.12 0.06 0.15 0.09 0.12 0 0.09 0.15 0.12 0.12 0.06 0.087 0.117 0.06 0.1581 0.06729 0.03 0.06 0.147 0.0381 0.147 0.147 0.06 0.06 0.117 0.0381 0 0.057 0.0381 0.09 0.09 0.12 0.03 0.0081 0.09 0 0.0762 0.03 0.03 0 0.0462 0.057 0.144 0.06 0.0981 0.15 0.06 0.15 0.09 0.12 0.12 0.06 0.03 0.0981 0.062187 0.03 0.06 0.06 0.087 0.09 0.06 0.06 0 0.03 0.06 0.087 0.092187 0.0681 0.15 0.09 0.057 0.06 0.12 0.09 0.09 0.15 0.12 0.117 0.0681 0 0.0381 0.0381 0.03 0.06 0.03 0.09 0 0.0762 0.15 0.0543 0 0.09 0.06 0.09 0.06 0.03 0.12 0 
0.12 0.12 0.06 0.09 0.18 0.147 0.21 0.09 0.06 0.09 0.09 0.09 0.03 0.03 0.15 0.12 0.06 0.03 0.03 0.15 0.06 0.06 0.09 0.087 0.18 0.09 0.0381 0.087 0.144 0.0681 0.06 0.09 0.21 0.117 0.1443 0.087 0.12 0.12 0.0324 0.1062 0.114 0.15 0.09 0.063561 0.06 0.06 0.12 0.117 0.09 0.147 0.0951 0.15 0.09 0.12 0.06 0 0.03 0.087 0.03 0.09 0.06 0.0981 0.12 0.06 0.09 0.09 0.0381 0 0.03729 0.15 0.0951 0.18 0.177 0.0681 0.12 0.15 0.0462 0.06 0.12 0.03 0.06 0.06 0.03 0.12 0.09 0.207 0 0.06 0.147 0.03 0 0.09 0.06 0.09 0.06 0.03 0.0981 0.06 0.09 0.15 0.03 0.03 0.06 0.057 0 0.09 0.12 0.09 0.06 0.12 0.03 0.15 0.03 0.087 0.03 0.06 0.087 0 0.03 0.1443 0 0.117 0.03 0.06 0.03 0.03 0.09 0.03 0 0.06 0.03 0 0.12 0 0 0.06 0.15 0.03 0.06 0.09 0.06 0.06 0.0681 0.06 0.09 0.03 0.06 0.0381 0.06 0.06 0.03 0.057 0.032187 0.03 0.06 0.06 0.0981 0.06 0.057 0.06 0.03 0.06 0.03 0.12 0.1281 0.06 0.09 0.06 0.06 0.09 0.087 0.027 0.03 0.06 0.03 0.09 0.06 0.03 0.06 0.06 0.06 0.03 0.06 0.09 0.06 0.03 0.06 0.03 0.09 0.12 0.0681 0.03 0 0.18 0.0381 0.0381 0 0.06 0.03 0 
0.06 0.09 0.144 0.06 0.03 0.06 0.09 0.2181 0.06 0.03 0.06 0.1281 0.0381 0.15 0.1143 0.15 0.0681 0.09 0.03 0.12 0.087 0.12 0.09 0.03 0.09 0.1581 0.09 0 0.03 0.06 0.09 0 0.03 0.0681 0.1581 0.06 0.12 0.09 0.027 0.147 0.09 0.147 0.06 0.087 0.03 0.12 0.12 0.177 0.21 0.06 0.03 0.126561 0.177 0.15 0.09 0.1143 0.06 0.12729 0.117 0.12 0.06 0.09 0.117 0.15 0.06 0.06 0.03 0.06 0 0.03 0.06 0.15 0.0681 0.06 0.12 0.12 0.12 0.06 0.06 0.09 0.09 0.06 0.03 0.06 0.06 0.087 0.03 0.117 0.1743 0.03 0.12 0.09 0.087 0.06 0.09 0.09 0.09 0.06 0.12 0.09 0.06 0.117 0.12 0.147 0.03 0 0.06 0.06 0.15 0.12 0.117 0.06 0.027 0.12 0.06 0.06 0.06 0.03 0.15 0.06 0.06 0.12 0.09 0.15 0.06 0.12 0.15 0.12 0.0919683 0.03 0.06 0.06 0.06 0.06 0.03 0.09 0.12 0.03 0.06 0.06 0 0.03 0.0381 0.03 0.06 0.03 0.117 0.12 0.06 0.06 0.06 0.06 0.09 0 0.06 0 0.15 0.06 0.03 0.06 0.03 0.09 0.117 0.09 0.03 0.03 0.03 0.09 0 0.06 0.15 0.06 0 0.06 0.06 0.03 0.09 0.12 0.06 0.03 0.09 0 0.03 0 0.18 0 0.09 0.06 0.09 0 0.06 0.1143 0 0.06 0.03 0.12 0.09 0.06 0.03 0.03 
0.12 0 0.06 0.12 0.12 0.18 0.09 0.18 0.12 0.12 0.087 0 0.117 0.12 0.147 0.06 0.09 0.15 0.12 0.09 0.15 0.06 0.087 0.09 0.06 0.15 0.09 0.03 0.15 0.12 0.09 0.177 0.15 0.12 0 0.09 0.09 0.06 0.06 0.09 0.15 0.15 0.09 0.09 0.06 0.12 0.087 0 0 0.03 0.06 0.06 0.06 0.12 0.15 0.12 0.06 0.12 0.03 0.03 0.09 0.09 0.06 0.06 0.15 0.03 0.15 0.09 0.15 0.06 0.06 0 0.09 0.06 0.15 0.06 0.087 0.12 0.06 0.06 0.12 0.06 0.0543 0.03 0 0.06 0.0651 0 0.06 0 0.15 0.09 0.1581 0 0.06 0.06 0.09 0.12 0.06 0 0.03 0.09 0.03 0.06 0.06 0.06 0 0.06 0.03 0.06 0 0.09 0.03 0.12 0.09 0.117 0.03 0.03 0.12 0.03 0.06 0.06 0.03 0 0.06 0.06 0.06 0.09 0.06 0.087 0 0.06 0.09 0.06 0 0.12 0.03 0.06 0.03 0.06 0.12 0.15 0.06 0.06 0.12 0 0 0.06 0.03 0.09 0.09 0 0.027 0.03 0.03 0.06 0.06 0.09 0 0.03 0.06 0.09 0 0.06 0 0.03 0.03 0.09 0.03 0.03 0.09 0.15 0.06 0.06 0.09 0.03 0.03 0.06 0.06 0.03 0.03 0.06 0.06 0.15729 0.03 0.03 0.03 0 0.09 0.03 0.06 0.09 0.06 0.03 0.06 0.03 0.06 0.06 0.06 0 
0.09 0.12 0.15 0.06 0.12 0.18 0.09 0.15 0.09 0.06 0.09 0.03 0.06 0.12 0 0.06 0.15 0.09 0.12 0.09 0.06 0.03 0.09 0.12 0.12 0.09 0.06 0.06 0.12 0.06 0.06 0 0.03 0.03 0.03 0.03 0.12 0.15 0.12 0.03 0.06 0.06 0.1881 0.03 0.147 0.15 0.18 0.03 0.09 0.06 0.09 0.03 0.066561 0.09 0.24 0.03 0.06 0.09 0.06 0.15 0.09 0.15 0.06 0.12 0.03 0.15 0.12 0.12 0.12 0.06 0 0.06 0.15 0.15 0.03 0.03 0.09 0.09 0.06 0.03 0.09 0.09 0.03 0.03 0.06 0.12 0.15 0.147 0.03 0 0.06 0.06 0.03 0.12 0.12 0 0.03 0.09 0.09 0.03 0.09 0.12 0.15 0.15 0.0843 0.06 0.03 0.06 0.12 0.09 0.09 0.03 0.03 0.06 0.15 0.06 0.03 0.09 0.06 0.12 0.0381 0.03 0.06 0.12 0.09 0.06 0.03 0.06 0.03 0 0.12 0 0.03 0.03 0 0.03 0.06 0.06 0.117 0.03 0.06 0 0.06 0.03 0.03 0.12 0.09 0.117 0.09 0.12 0.06 0.06 0.06 0.06 0.03 0.06 0.12 0.0843 0.03 0.18 0.06 0.03 0.03 0.12 0.03 0.087 0.12 0 0.06 0.09 0.09 0.06 0.06 0.147 0.06 0.1281 0 0.09 0.06 0.06 0.09 0 0.06 0.09 0.03 0.027 0 0.12 0.03 0.03 0.03 0 0 0.03 0 0 0 0.09 0.0081 0 
0.09 0.15 0.12 0.12 0.12 0.12 0.03 0.15 0.03729 0.12 0.15 0.09 0.12 0.12 0.09 0.06 0.09 0.12 0.09 0.12 0.06 0.03 0.06 0.09 0.12 0.15 0.15 0.06 0.03 0.15 0 0.12 0.09 0.09 0.09 0.12 0.12 0.09 0.06 0.09 0.06 0.15 0.147 0.06 0.15 0.06 0.09 0.087 0.09 0.09 0.03 0.09 0.09 0.119187 0.09 0.18 0.177 0.06 0.09 0.06 0.09 0.12 0.09 0.03 0.06 0.117 0.09 0.09 0.12 0.18 0.12 0.09 0.06 0.12 0.12 0.12 0.09 0.06 0.09 0.09 0.09 0.06 0.03 0.06 0.09 0.06 0.06 0.12 0.03 0.06 0.15 0.09 0.0381 0.12 0.09 0.09 0.057 0.03 0.06 0.03 0.03 0.03 0.06 0.117 0.12 0.09 0.03 0.06 0.06 0.06 0.12 0.03 0.06 0.12 0 0.0681 0.03 0.06 0.18 0.15 0.06 0 0.12 0.09 0.09 0.09 0.06 0.03 0.09 0.09 0.06 0.09 0.057 0.03 0.06 0.09 0.12 0.06 0.0681 0.03 0.06 0.12 0.06 0.06 0.06 0.03 0.12 0.06 0.09 0.09 0.09 0.09 0 0.12 0.06 0.18 0.03 0.03 0.03 0.15 0.06 0.09 0.03 0.057 0.06 0.03 0.06729 0.06 0.03 0.09 0.03 0.03 0.03 0.09 0.03 0.12 0.09 0.09 0.06 0.03 0.06 0 0.03 0.03 0.03 0.06 0.06 0.03 0.0081 0.09 0.12 0 0.09 0.06 0.03 0.06 0.06 0.03 0 0.09 
0.09 0.06 0.15 0.12 0.15 0.12 0.09 0.15 0.06 0.03 0.09 0.21 0.15 0.12 0.12 0.12 0.03 0.15 0.12 0.15 0.06 0.06 0.18 0.06 0.09 0.09 0.12 0.03 0.15 0.09 0.06 0.15 0.057 0.09 0.06 0.09 0.03 0.06 0 0.15 0.06 0.03 0.15 0.12 0.03 0.09 0.18 0.12 0.12159 0.09 0.03 0.09 0.03 0.06 0.12 0.18 0.09 0.15 0.03 0.09 0.09 0.03 0.09 0.12 0.12 0.12 0.09 0.03 0.03 0.06 0.15 0.06 0.09 0.06 0.12 0.06 0.06 0.12 0.0981 0.06 0 0.09 0.06 0.03 0.12 0.03 0.06 0.15 0.12 0.12 0.09 0.12 0 0 0.117 0.09 0.03 0.06 0.15 0.12 0.09 0.03 0.12 0.18 0.03 0.12 0.09 0.15 0.03 0.06 0.15 0 0 0.09 0.06 0.12 0.06 0.06 0.09 0.12 0.12 0 0.15 0.0981 0.12 0.06 0.03 0.03 0.06 0.03 0.09 0.12 0 0.03 0.06 0.06 0.06 0.09 0.147 0.15 0.03 0.06 0.06 0.09 0.03 0.06 0.18 0.12 0.06 0.09 0.06 0.09 0.03 0.09 0.09 0 0.09 0.06 0.09 0.06 0.09 0.06 0.03 0.03 0.06 0.06 0.06 0.027 0.09 0 0.06 0.03 0.09 0.09 0.03 0.09 0.12 0.12 0.147 0.06 0.03 0.09 0.03 0.03 0.03 0.06 0.03 0.03 0.12 0 0 0.09 0.03 0.06 0 0.12 0.12 0.06 0.12 0.06 
0.12 0.12 0.12 0.06 0.09 0.09 0.12 0.12 0.18 0.06 0.09 0.09 0.09 0.18 0.09 0.09 0.12 0.09 0.06 0.1743 0.21 0.09 0.06 0.06 0.12 0.09 0.09 0.09 0.12 0.09 0.12 0.12 0.12 0 0.09 0.06 0.18 0.09 0.03 0.15 0.09 0.03 0.15 0.12 0.09 0.09 0.06 0.15 0.0981 0.09 0.03 0.15 0.06 0.15 0.06 0 0.15 0.06 0.09 0.087 0.03 0.06 0.21 0.0981 0 0.0381 0.06 0.09 0.12 0.12 0.09 0.06 0.21 0.147 0.12 0.09 0.06 0.12 0.15 0.06 0 0.06 0.06 0.09 0.03 0.0381 0.09 0.12 0.03 0.06 0.09 0.12 0.06 0.03 0.15 0.06 0 0.06 0.06 0.06 0.12 0.087 0.09 0.03 0.057 0.03 0.06 0.12 0.06 0.12 0 0.03 0.06 0.09 0.06 0.12 0 0.09 0.09 0.03 0.18 0.09 0.12 0.06 0.09 0 0.09 0.18 0.06 0.03 0.03 0.09 0.09 0.21 0.03 0.06 0.03 0.06 0.12 0.15 0.06 0.15 0.03 0.03 0.09 0.03 0.06 0.15 0.06 0.06 0.03 0.06 0.117 0.09 0.06 0.09 0.09 0.09 0.06 0.06 0.06 0.12 0.06 0.0924 0.06 0.03 0 0.03 0.12 0.09 0.06729 0.03 0.09 0.06 0 0.06 0 0.09 0 0.06 0 0.03 0.09 0.03 0.03 0.15 0.06 0.09 0.09 0.06 0.03 0.09 0.06 0 0.03 0.03 0.06 0.03 0.027 0.09 
0.06 0.15 0.09 0.06 0.09 0.12 0.03 0.15 0.09 0.09 0.09 0.09 0.18 0.06 0.09 0.12 0.03 0.15 0.12 0.06 0.12 0.06 0.03 0.12 0.03 0.117 0.09 0.09 0.12 0.12 0.12 0.06 0.09 0.15 0.09 0.06 0.15 0.09 0.03 0.09 0.09 0.06 0.12 0.12 0.09 0.09 0.06 0.12 0.09 0.06 0.06 0.06 0.03 0.15 0.12 0.06 0.06 0.03 0.09 0.18 0 0.12 0.06 0.09 0.06 0.06 0.03 0.12 0.09 0.09 0.06 0.15 0.12 0.03 0.12 0.06 0.15 0.03 0.06 0.06 0.117 0.06 0.12 0.09 0.12 0.03 0.03 0.09 0.06 0.06 0 0.06 0.03 0.06 0.06 0 0.03 0.09 0.12 0.03 0.03 0.06 0.09 0.12 0.06 0.03 0.06 0.06 0.12 0.09 0.09 0.15 0.09 0.06 0 0.15 0.03 0.06 0.03 0.15 0.06 0.15 0.147 0.12 0.06 0.03 0.03 0.09 0 0 0.06 0.06 0.06 0 0.12 0.06 0 0.06 0.057 0.09 0.06 0.09 0 0.12 0.06 0.15 0 0 0.06 0.09 0.12 0.09 0.0981 0.12 0 0.15 0.06 0.06 0.09 0.03 0.09 0.057 0.06 0.09 0.06 0 0.09 0.06 0.06 0 0.06 0.09 0 0.06 0.12 0.09 0.06 0 0.06 0.12 0.06 0.06 0 0.09 0.06 0.06 0.06 0.06 0.03 0 0 0.09 0.06 0.09 0.03 0.06 0.06 0.06 0.18 0.12 
0.12 0.06 0.03 0.06 0.09 0.03 0.03 0.12 0.09 0.15 0.09 0.15 0.12 0.06 0.06 0.12 0.12 0.09 0.15 0.06 0.12 0.06 0.03 0.06 0.09 0.15 0.06 0.06 0.09 0.12 0.12 0 0.12 0.09 0.06 0.15 0.09 0.15 0.06 0.12 0.09 0.06 0.18 0.12 0.12 0 0.03 0.09 0.09 0.12 0.06 0.03 0.09 0.12 0.06 0 0.09 0.03 0.12 0 0.03 0.09 0.03 0.09 0.09 0.09 0.06 0.09 0.09 0.06 0.09 0.207 0.09 0.06 0 0.06 0.18 0.03 0.12 0.06 0.06 0.06 0.03 0.09 0.06 0.06 0.09 0.06 0.09 0.06 0.15 0 0 0.09 0.09 0.09 0.06 0.06 0.09 0.09 0.09 0.06 0.09 0.09 0.15 0.03 0.06 0.06 0.06 0.03 0.06 0.09 0.09 0.06 0.09 0.09 0.06 0.06 0.09 0.03 0.06 0.03 0.06 0.06 0.12 0 0.06 0.06 0.06 0.12 0.06 0.06 0.12 0.12 0.18 0.15 0.15 0.15 0.18 0.03 0.06 0.06 0.03 0.06 0.09 0 0.12 0.06 0 0.12 0.12 0.09 0.12 0.03 0.03 0.03 0.06 0.06 0 0.09 0.06 0.06 0.09 0.12 0.03 0 0.06 0.12 0.06 0.03 0.06 0.03 0.09 0.06 0 0.09 0.06 0.06 0.03 0.09 0.03 0.03 0.06 0 0 0 0.09 0.03 0 0.06 0.12 0.06 0.09 0.03 0.06 0.06 0.06 0.03 0.09 0.03 
0 0 0.09 0.06 0.06 0.12 0.24 0.09 0.18 0.15 0.09 0.1281 0.15 0.03 0.15 0.12 0.12 0.09 0.09 0.15 0.15 0.06 0.12 0.06 0.06 0.18 0.06 0.09 0.12 0.06 0.06 0.09 0.06 0.03 0.15 0.09 0.06 0.15 0.09 0.09 0.09 0.12 0.12 0.06 0.06 0.06 0.09 0.06 0.15 0.06 0.03 0.09 0 0.12 0.12 0.09 0.06 0.12 0.12 0.12 0.12 0.15 0.09 0.06 0.15 0.09 0.06 0.09 0.09 0.09 0.09 0.06 0.09 0.06 0.06 0.09 0.087 0.12 0.06 0.06 0.03 0.09 0.15 0.06 0.06 0.15 0.09 0.12 0.12 0.09 0.03 0.06 0.12 0.12 0.03 0.12 0.03 0.03 0.09 0.06 0.03 0.09 0.03 0.12 0.06 0.09 0.06 0.15 0.03 0.03 0.03 0.12 0.06 0.12 0.03 0.06 0.06 0.06 0.06 0.09 0.09 0.03 0.12 0.12 0.12 0.09 0.09 0.09 0.027 0.03 0.09 0.087 0.12 0.12 0.06 0.06 0.09 0 0.03 0.06 0.03 0.12 0.09 0.06 0.09 0.06 0.03 0.03 0.12 0.03 0.18 0.06 0.06 0 0.09 0.06 0.03 0.03 0.09 0.06 0.06 0.03 0.03 0.06 0.06 0.06 0.03 0.12 0.15 0.06 0 0.06 0 0.03 0.12 0.03 0 0.03 0.06 0.09 0.09 0.06 0 0.06 0 0.12 0.03 0 0.06 0.09 0 0 0.03 0.09 0 0.03 0.06 0.06 0.03 0.06 
0.0381 0.09 0.06 0.06 0.12 0.15 0.09 0.12 0.12 0.15 0.06 0.18 0.06 0.09 0.06 0.06 0.12 0.09 0.18 0.03 0.18 0.12 0.12 0.15 0 0.03 0.12 0.09 0 0.12 0.057 0.09 0.06 0.09 0.12 0.09 0.03 0.06 0.09 0.03 0.06 0.15 0.06 0.06 0.15 0.09 0.18 0.15 0.15 0.12 0.09 0.06 0 0.03 0.18 0.03 0.15 0.09 0.15 0.06 0.03 0.06 0.12 0.15 0.09 0.12 0.03 0.06 0.12 0.15 0.06 0.06 0.06 0.15 0.21 0.06 0.06 0.09 0.15 0.12 0.18 0.06 0.0681 0.03 0.06 0.12 0.03 0.06 0.03 0.09 0.06 0.12 0.03 0.03 0.03 0.06 0.15 0.06 0.06 0.15 0.03 0.06 0.06 0.03 0.06 0.09 0.117 0.12 0.06 0 0.09 0.06 0.09 0.06 0.12 0.06 0.15 0.06 0.15 0.03 0.03 0.06 0.09 0.15 0.12 0.09 0 0.03 0 0.03 0.09 0.03 0.06 0.12 0.03 0.06 0.06 0 0.09 0.09 0.06 0.03 0.18 0.09 0.15 0.03 0 0.06 0.12 0.06 0 0.09 0 0 0.06 0.12 0.09 0.09 0 0.03 0.06 0 0.09 0.03 0.06 0.09 0.06 0.06 0.06 0.06 0.09 0.06 0.09 0.03 0 0.06 0.09 0.03 0.03 0.09 0.09 0.06 0.12 0.06 0 0.15 0.15 0.06 0 0.09 0 0.18 0.03 0.03 0.12 0 0.03 0.03 0.03 0.03 
0.12 0.09 0.03 0.12 0.15 0.06 0.15 0.24 0.1143 0.15 0.09 0.21 0.06 0.15 0.03 0.09 0.09 0.147 0.09 0.06 0.15 0.15 0.12 0.15 0.12 0.18 0.12 0.06 0.09 0.12 0.15 0.09 0.06 0.12 0.09 0.09 0 0.06 0.12 0.15 0.12 0.09 0.12 0.24 0.18 0.06 0.12 0.117 0.12 0.09 0.18 0.09 0.12 0.15 0.12 0.09 0.06 0.03 0.03 0.03 0.09 0.09 0.03 0.12 0.06 0.03 0.03 0 0.06 0.09 0.18 0.12 0.06 0.06 0.06 0.03 0.06 0.03 0.03 0.03 0.15 0.066561 0.09 0.06 0.09 0.12 0.15 0.18 0.03 0.09 0.12 0.03 0.06 0 0.09 0.06 0.09 0.03 0.09 0.15 0.12 0.15 0.12 0.12 0.09 0.09 0.09 0 0.06 0.06 0.09 0.03 0.06 0.03 0.18 0.06 0.03 0 0.12 0.06 0 0.06 0.09 0.12 0.03 0.03 0.06 0.06 0 0.12 0.09 0.087 0.06 0.09 0.09 0.117 0.03 0.06 0.03 0.12 0.18 0 0.06 0.06 0.06 0.03 0.09 0.15 0.057 0.09 0 0.09 0.12 0.09 0.06 0.057 0.03 0.06 0.06 0.03 0 0.06 0.06 0.06 0.09 0.12 0.06 0.12 0.06 0.06 0.06 0.03 0.06 0.12 0.06 0.15 0 0.06 0.06 0.06 0.06 0.09 0 0.09 0.06 0 0.027 0.15 0.15 0.03 0.09 0.03 0.12 0.06 0.12 0.06 0.03 0.03 0.09 0.03 
0.09 0.06 0.12 0.06 0.12 0.06 0.09 0.09 0.09 0.12 0.12 0.12 0.15 0.06 0.21 0.06 0.06 0.09 0.06 0.09 0.0381 0.06 0.06 0.12 0.06 0.09 0.06 0.12 0.06 0.12 0.06 0.15 0.12 0.06 0.18 0.06 0.03 0.12 0.12 0.12 0.12 0.09 0.03 0.12 0.06 0.12 0.087 0.09 0.09 0.12 0.18 0.15 0.12 0.03 0.09 0.09 0.06 0.09 0.09 0.09 0.12 0.09 0.06 0.12 0.09 0.15 0.09 0.03 0.09 0.09 0 0.03 0.09 0.12 0.18 0.12 0.09 0.12 0.03 0.03 0.09 0.09 0.12 0.09 0.09 0.03 0.06 0.06 0.09 0.03 0 0.03 0.03 0.09 0.03 0.03 0.06 0.03 0.09 0.03 0.06 0.21 0.18 0.06 0.12 0.12 0.06 0.06 0.09 0.06 0.09 0.03 0 0.06 0.12 0.06 0.09 0.03 0 0.06 0.09 0.09 0.03 0.06 0 0.09 0.12 0.12 0.09 0.09 0.15 0.03 0.09 0.03 0.12 0.06 0.06 0.09 0.09 0.12 0.09 0.03 0 0.06 0.09 0.06 0.06 0.06 0.06 0 0.12 0.15 0 0.03 0.06 0 0.06 0.09 0.09 0 0.03 0.09 0.06 0.03 0 0.12 0.03 0 0.06 0.09 0.12 0.06 0.03 0.06 0.06 0.06 0.09 0.12 0.06 0 0 0.06 0.09 0.03 0.057 0.12 0.03 0.12 0.03 0.09 0.03 0.06 0.09 0.12 0.09 0.12 0.03 0.06 0 0.03 
0.06 0.15 0.03 0.12 0 0.09 0.117 0.09 0.09 0.09 0.03 0.06 0.09 0.06 0.03 0.03 0.06 0.09 0.12 0.09 0.12 0.06 0.03 0.15 0.09 0.06 0.09 0.06 0.15 0.15 0.12 0.15 0.09 0.18 0.12 0.09 0.06 0.18 0.15 0.12 0.15 0.06 0.09 0.06 0.06 0.03 0.09 0.06 0.09 0.15 0.06 0.06 0.03 0.12 0.03 0.09 0.03 0.18 0.03 0.09 0.09 0.18 0.03 0.03 0 0.06 0.09 0.15 0 0.06 0.09 0.09 0.12 0.03 0.09 0.06 0.06 0 0.09 0.09 0.09 0.09 0.09 0.09 0.06 0 0.12 0.06 0.03 0.18 0.03 0.12 0.12 0.09 0.06 0.09 0.06 0.09 0.06 0.03 0.06 0.06 0.06 0.06 0.12 0.03 0.09 0.09 0.03 0.09 0.03 0.06 0.06 0.12 0.06 0.06 0.12 0.03 0.09 0.09 0.06 0.12 0.06 0.12 0.117 0.03 0.03 0.06 0.03 0.03 0.12 0.03 0.09 0 0.12 0 0.09 0.03 0.06 0.12 0 0.15 0.06 0.06 0.03 0.09 0.09 0.06 0.06 0.06 0.06 0 0.15 0 0.06 0.03 0.09 0.09 0.03 0.06 0 0.06 0.06 0.09 0.09 0 0.15 0.03 0.03 0.03 0.09 0 0.03 0.03 0.03 0.09 0.03 0.03 0.03 0.06 0.09 0 0.06 0.09 0.03 0.03 0.06 0.12 0 0.06 0.09 0.09 0.03 0.06 0.09 0.03 0.03 0.09 0.03 0.03 
0 0.12 0.09 0.09 0.09 0.09 0.09 0.12 0.09 0.09 0.12 0.12 0.09 0.06 0.03 0.06 0.06 0.06 0.03 0.12 0.09 0.09 0.09 0.03 0.09 0.09 0.09 0.12 0.06 0.12 0.12 0.087 0.09 0.12 0.12 0.12 0.09 0.12 0.15 0 0.09 0.12 0 0.09 0.18 0.12 0.09 0.06 0.09 0.09 0.12 0.06 0.09 0.09 0.03 0.06 0.0917715 0.12 0.06 0.09 0.03 0.12 0.15 0.09 0.03 0.03 0 0.06 0.03 0.18 0.03 0.12 0 0.15 0.03 0.06 0.12 0.12 0.15 0.03 0 0.09 0.057 0.06 0.03 0.03 0 0.06 0 0.06 0.06 0.12 0.15 0.15 0.12 0.06 0.09 0.12 0.06 0.06 0.03 0.03 0.15 0.06 0.03 0.09 0.12 0.06 0.06 0.0681 0.06 0.09 0.06 0.06 0.03 0.03 0.06 0.12 0.15 0.09 0.06 0.03 0.06 0.09 0.06 0.06 0.03 0.09 0 0.03 0.12 0.12 0.12 0.09 0.06 0.09 0.03 0.09 0.06 0.12 0.06 0.06 0.06 0.03 0.09 0.057 0.09 0.0681 0.12 0.15 0.03 0.06 0.03 0 0.06 0.03 0.06 0.03 0.06 0.12 0.18 0.12 0.09 0.09 0.06 0 0.06 0.09 0.09 0.12 0.06 0.06 0.12 0.06 0.09 0.09 0.09 0.12 0.03 0.09 0.03 0.12 0.06 0.06 0 0.06 0 0.06 0 0.06 0.09 0.12 0.06 0.06 0 0.06 0.06 0.03 0.03 0.03 
0.15 0.06 0.15 0.06 0.09 0.06 0.09 0.09 0.087 0.03 0.15 0.09 0.09 0.18 0.03 0.15 0.09 0.15 0.09 0.03 0.06 0.06 0.18 0.09 0.09 0.18 0.03 0.06 0.03 0.09 0.12 0.09 0.06 0.15 0.09 0.12 0.06 0.06 0.09 0.12 0.06 0.03 0.06 0.15 0.09 0.15 0 0.06 0.15 0.12 0.09 0.24 0.06 0.09 0.06 0.03 0.06 0.15 0.06 0.06 0.12 0.15 0.09 0.03 0.06 0.09 0.12 0.12 0 0.06 0.12 0.03 0.06 0.117 0.18 0.15 0 0.12 0.09 0.09 0.03 0.06 0.06 0.06 0.09 0 0.03 0.09 0.03 0.15 0 0.06 0.12 0.06 0.15 0.09 0.12 0.057 0.06 0 0.06 0.03 0.09 0.09 0 0.12 0.12 0.12 0.09 0.06 0.03 0.06 0.06 0.06 0.12 0.09 0 0.06 0.03 0.03 0 0.06 0.09 0.12 0.06 0.09 0.09 0.03 0.09 0.09 0.09 0 0.15 0.12 0.06 0 0.06 0.09 0.03 0.09 0.12 0.03 0 0.09 0.06 0.06 0.12 0.12 0.12 0.09 0.09 0.03 0.03 0.06 0.06 0.03 0.06 0.09 0.15 0.0981 0 0.06 0 0 0.12 0.09 0.03 0.12 0.03 0.03 0.15 0.03 0.09 0 0.09 0.09 0.06 0.06 0.03 0.06 0.03 0.06 0.06 0.06 0.06 0.09 0.06 0.06 0.06 0.06 0.09 0.06 0.03 0.09 0.03 0.03 0.03 0.06 0 0 
0.03 0.0981 0.06 0.09 0.06 0.15 0.09 0.06 0.15 0.12 0.03 0.09 0.15 0.09 0.06 0.12 0.15 0.09 0 0.12 0.06 0.12 0.09 0.06 0.09 0.12 0.15 0.06 0.09 0.03 0.09 0.03 0.12 0.09 0.06 0.177 0.09 0.06 0.12 0.09 0.12 0.03 0.18 0.03 0.06 0.09 0.03 0.12 0.06 0.18 0.03 0.15 0.09 0.06 0.06 0.12 0.09 0.09 0.09 0.06 0.12 0.03 0.06 0.18 0.15 0.12 0.06 0.12 0.09 0.03 0.09 0.057 0.06 0.09 0.09 0.06 0.06 0.03 0.09 0.06 0.09 0.09 0.12 0.09 0.03 0.18 0.12 0.06 0.15 0.06 0 0.03 0.12 0.15 0.09 0.15 0.12 0.03 0.15 0.09 0.06 0.06 0 0.09 0.15 0.03 0.09 0.06 0.18 0.09 0.15 0.06 0.06 0.09 0.12 0 0.15 0.18 0.06 0 0 0.12 0.18 0.09 0.12 0.09 0.09 0.06 0 0.09 0.03 0 0.15 0.09 0.06 0 0.09 0.09 0.09 0 0.06 0.03 0.09 0.03 0.06 0.06 0.09 0.12 0.09 0.06 0.06 0.09 0.09 0.06 0.09 0.06 0 0.06 0.09 0 0.06 0 0.09 0.06 0.06 0 0.12 0.06 0.09 0.03 0.18 0.03 0.06 0.03 0.06 0.03 0.06 0.03 0.09 0.03 0.06 0.06 0.0681 0.06 0.06 0.06 0.06 0 0.03 0.03 0.0381 0.09 0 0.06 0.03 0.03 0 0.03 0.03 0.03 
0.12 0.12 0.12 0.06 0.03 0.12 0.09 0.09 0.18 0.03 0.03 0.09 0.03 0.03 0.03 0.15 0 0.09 0.09 0.06 0.09 0.15 0.03 0.12 0.03 0.12 0.06 0.06 0.09 0.06 0.03 0 0.06 0.03 0.15 0.06 0.09 0.03 0.03 0.03 0.18 0.06 0.21 0.03 0.06 0.12 0.15 0.06 0.03 0.15 0.09 0.06 0.06 0.12 0.12 0.03 0.03 0.09 0.09 0.12 0.15 0.09 0.09 0.03 0.09 0.09 0.09 0.06 0.12 0.09 0.09 0.06 0.09 0.03 0.09 0.15 0.0681 0.09 0.06 0 0.09 0.06 0.09 0.03 0.06 0 0.06 0.06 0.12 0.06 0.09 0.03 0 0.03 0.03 0.12 0.18 0.15 0.15 0.09 0.03 0.12 0.09 0.06 0.03 0.06 0.12 0.03 0.12 0.06 0.09 0.06 0.12 0.09 0.09 0.03 0.03 0.03 0.06 0.06 0.06 0.03 0.06 0.06 0.03 0.06 0.06 0.12 0 0.057 0.03 0.06 0.06 0.09 0.09 0.06 0 0.06 0.06 0.09 0.09 0.15 0.12 0.09 0 0.12 0.03 0.03 0.09 0.06 0.03 0.06 0.09 0.12 0.06 0.06 0.06 0.12 0.06 0.12 0.12 0.09 0.03 0.06 0.03 0.09 0.09 0.03 0 0.06 0.09 0.06 0 0.03 0.12 0.12 0.09 0.12 0.03 0 0.06 0.09 0 0.03 0.09 0.06 0.03 0.12 0.06 0.09 0.03 0.087 0.03 0.12 0 0.06 0.03 0 0.15 0.18 
0.03 0.12 0.12 0.09 0.15 0.03 0.12 0 0.12 0.09 0.09 0.06 0.09 0.06 0.06 0.03 0.06 0.18 0.21 0 0.09 0.06 0.12 0.15 0.03 0.06 0.06 0.09 0.09 0.12 0.15 0.09 0.03 0.06 0.09 0.12 0.15 0.06 0 0.09 0.15 0.15 0.06 0.09 0.06 0.06 0.15 0.09 0.03 0.09 0.09 0.15 0.09 0.06 0.12 0.09 0.09 0.06 0.09 0.06 0.06 0.03 0.03 0.12 0.06 0 0.09 0.06 0.06 0.09 0.03 0.09 0.06 0.03 0.09 0.12 0.09 0.06 0.15 0.03 0.09 0.03 0.03 0.09 0.09 0.03 0.12 0.12 0.12 0.12 0.03 0.12 0.21 0.12 0.09 0.15 0.03 0.06 0.06 0.12 0.03 0.03 0.12 0.03 0.06 0.09 0 0.06 0.09 0.03 0.03 0.06 0.09 0.12 0.12 0.06 0.12 0.03 0.03 0.09 0.12 0.06 0.09 0.09 0.09 0.03 0.06 0.06 0.03 0.09 0.15 0.09 0.09 0.03 0.09 0.09 0.06 0.06 0.09 0.06 0.06 0.09 0.06 0.09 0.09 0.03 0.03 0.09 0.09 0 0.06 0.03 0.06 0.12 0.06 0.03 0 0.09 0.12 0.06 0.03 0.09 0.12 0.12 0.12 0.09 0.09 0.03 0.09 0.09 0 0.03 0.03 0.06 0 0.09 0.09 0.09 0.03 0.06 0.057 0.03 0.03 0.09 0.03 0.06 0.06 0.06 0.09 0.03 0.09 0.15 0 0.06 0 0.09 0.09 0.12 0 0.03 
0.15 0.06 0.12 0.06 0.09 0.09 0.15 0.18 0.09 0.12 0.18 0.06 0.15 0.12 0.06 0.12 0.09 0.12 0.06 0.15 0.12 0.15 0.06 0.18 0.06 0.12 0.03 0.06 0.06 0.09 0.03 0.09 0.03 0.12 0.18 0.06 0.03 0.09 0.06 0.06 0.15 0.09 0.06 0.06 0.087 0.12 0.12 0.12 0.09 0.06 0.12 0.12 0 0.15 0.15 0.15 0.09 0.09 0.03 0.09 0.06 0.12 0.12 0.06 0.03 0.15 0.03 0.06 0.06 0.12 0.09 0.12 0.06 0.12 0.12 0.09 0.06 0.15 0.15 0.12 0.09 0.06 0.09 0.06 0.12 0.06 0.09 0.03 0.06 0.15 0.06 0.12 0.12 0.15 0.15 0 0.09 0.03 0.06 0.09 0.03 0.06 0.18 0.12 0.12 0.06 0.09 0.06 0.06 0.03 0.12 0.09 0.06 0.09 0.06 0.03 0.06 0.15 0.06 0.09 0.03 0.09 0.09 0.06 0.03 0.12 0.06 0.03 0.03 0.09 0.06 0.06 0.03 0.09 0.06 0.03 0.06 0.06 0.15 0.06 0.03 0.03 0.03 0.18 0.12 0.03 0.09 0.03 0.06 0.03 0.03 0.09 0.06 0 0.06 0.06 0.09 0.09 0.09 0.06 0.06 0.12 0.03 0.06 0 0 0.09 0.03 0.06 0.03 0.06 0.057 0.03 0.09 0.09 0.06 0.06 0 0.12 0.03 0.12 0.06 0.06 0.09 0.12 0.09 0.12 0.09 0.09 0.06 0.09 0.12 0.03 0.09 0.06 0.09 0.09 0 0.03 0.117 
0.12 0.06 0.03 0.06 0.09 0.06 0.06 0.06 0.03 0.12 0.15 0.09 0.12 0.06 0.09 0.06 0.06 0.18 0.09 0.09 0.06 0 0.09 0.09 0.03 0.06 0.06 0.06 0.18 0.03 0.03 0.06 0 0.12 0.12 0.06 0.09 0.09 0.12 0.15 0 0.09 0.21 0.09 0.09 0.03 0.09 0.12 0.09 0.15 0.09 0.06 0.06 0.03 0.03 0.03 0.03 0.03 0.06 0.09 0.03 0.06 0.06 0.03 0.06 0.09 0.09 0.03 0.03 0.03 0.06 0 0.09 0.06 0.09 0.09 0.06 0.06 0.06 0.06 0.15 0.09 0.09 0 0.12 0.15 0.12 0.087 0.12 0.03 0.12 0.06 0.03 0.12 0.09 0.09 0.06 0.09 0.09 0 0.09 0.06 0.12 0.09 0.03 0.06 0.12 0.09 0.09 0 0.06 0.06 0.03 0.03 0.09 0.12 0.15 0.03 0.06 0.12 0.03 0.087 0.09 0.06 0.15 0.18 0.06 0.09 0.09 0 0.057 0.06 0.12 0.03 0.06 0.06 0.087 0.09 0.03 0.03 0 0.06 0.12 0.12 0.15 0.12 0 0.06 0 0.06 0.09 0.06 0.06 0 0.06 0.09 0.12 0 0.09 0 0 0 0.03 0.06 0.06 0.03 0.03 0 0.03 0 0 0.03 0.09 0.09 0.03 0.09 0.09 0.03 0.03 0 0.15 0.06 0 0.06 0 0.03 0 0.06 0.12 0.12 0.06 0.09 0 0 0.06 0.06 0.03 0.09 0.03 0.06 
0.12 0.09 0.15 0.15 0.15 0.06 0.09 0.12 0.15 0.06 0.06 0.12 0.09 0.09 0.06 0.03 0.09 0.03 0.12 0.09 0.09 0.12 0.06 0.09 0.09 0.06 0.03 0.12 0.09 0.12 0.15 0.06 0.09 0.12 0.09 0.06 0.15 0.06 0.06 0.06 0.12 0.09 0.09 0.06 0.06 0.03 0.15 0.03 0.09 0 0.09 0.12 0 0.06 0.06 0.03 0.12 0.09 0.09 0.06 0.06 0.18 0.09 0.06 0.09 0.06 0.09 0.03 0.06 0.12 0.06 0.12 0.09 0.03 0.06 0.12 0.12 0.12 0.03 0.03 0.06 0.09 0.03 0.03 0.06 0.18 0.09 0.09 0.06 0.09 0.03 0.06 0.09 0.09 0 0.06 0.03 0.12 0.06 0.03 0.12 0 0.15 0.09 0.09 0.03 0.15 0.09 0.12 0.057 0.06 0.06 0.03 0.09 0.09 0.03 0.09 0.12 0.09 0.06 0.12 0 0.09 0.09 0.06 0.12 0.12 0.09 0.06 0.12 0.12 0.03 0.03 0.06 0.03 0.03 0.06 0.09 0.06 0.03 0.06 0 0 0.09 0.03 0.09 0.18 0.09 0.0081 0.09 0.03 0.03 0.06 0.06 0.03 0.06 0.03 0.09 0.03 0 0.06 0.03 0.12 0.03 0.09 0.03 0.09 0 0.06 0 0.03 0.09 0 0 0 0 0.03 0.12 0.06 0.03 0 0.03 0.09 0.03 0.03 0.12 0.06 0 0.06 0 0.03 0.03 0.03 0.03 0 0.09 0.09 0 0.03 0.06 
0.06 0.09 0.09 0.09 0.15 0 0.15 0.1281 0.09 0.12 0.03 0.09 0.06 0.15 0.12 0.09 0.09 0.06 0.12 0.06 0.09 0.15 0.03 0.06 0.0681 0.12 0.12 0.03 0.03 0.09 0.15 0.12 0.06 0.15 0.06 0.06 0.09 0.09 0.09 0.12 0.09 0.117 0.06 0.06 0.09 0.18 0.12 0.12 0.12 0.09 0.15 0.09 0.12 0.06 0.09 0.03 0.12 0.12 0.06 0.12 0.06 0.06 0 0.09 0.06 0 0.12 0.09 0.18 0.06 0.12 0.06 0.09 0.09 0 0.15 0.177 0 0.12 0.09 0.15 0.12 0.06 0.15 0 0.18 0.12 0.06 0.09 0.09 0.15 0.09 0.06 0.09 0.15 0.06 0.09 0.06 0.09 0.03 0.09 0 0.06 0.09 0.06 0.12 0.12 0.03 0.09 0.06 0 0 0.03 0.15 0.12 0.09 0.09 0.06 0.03 0.06 0.12 0.12 0.06 0.09 0 0.12 0.06 0.03 0 0.03 0.06 0.06 0.15 0 0 0.06 0.06 0.03 0.15 0.09 0.03 0.06 0.03 0 0.06 0.06 0.09 0.12 0.03 0.06 0.09 0.06 0.03 0.03 0.09 0.12 0.09 0.06 0.03 0.06 0 0.03 0.09 0.06 0 0.03 0.03 0.09 0.06 0.06 0.03 0.09 0.03 0.09 0.12 0.09 0.03 0.06 0.06 0.06 0.12 0.06 0.03 0.06 0 0.06 0.06 0.06 0 0.06 0.03 0.03 0.09 0.03 0.03 0.03 0 0.06 0.06 0.09 
0.09 0.12 0.12 0 0.06 0.18 0.09 0.03 0.12 0.18 0.27 0.06 0.06 0.06 0.09 0.15 0.06 0.12 0.06 0.15 0.09 0.03 0.06 0.03 0.03 0.12 0.12 0.21 0.03 0.09 0.03 0.09 0.12 0.06 0 0.09 0.09 0.09 0.12 0.12 0.12 0.15 0.06 0.06 0.06 0.12 0.03 0.12 0.12 0.12 0.09 0.06 0.09 0.09 0.03 0.12 0.06 0.09 0.06 0.09 0.06 0.06 0.15 0.06 0.03 0.12 0 0.12 0.12 0.18 0.15 0.177 0.06 0.03 0.06 0 0.09 0.06 0 0.03 0.06 0.09 0.03 0.09 0.09 0.03 0.06 0.09 0.09 0.03 0.03 0.12 0.03 0.06 0.15 0.12 0.09 0.09 0.03 0.09 0.03 0.03 0.09 0.09 0.12 0.09 0.09 0.057 0.06 0.06 0.09 0.09 0.06 0.12 0.09 0.09 0.06 0.15 0.03 0.12 0.03 0.06 0.09 0.12 0.06 0.03 0.06 0.06 0.09 0.12 0 0.03 0.12 0.03 0 0.06 0.06 0.12 0.09 0 0.06 0.18 0.15 0.15 0.06 0.06 0.06 0.15 0 0.06 0 0.06 0.06 0.06 0.03 0.09 0.09 0 0.03 0.03 0.03 0.12 0.06 0.03 0.03 0.12 0.06 0.09 0.09 0.03 0 0.06 0.09 0 0.09 0.06 0 0.06 0.09 0.06 0.12 0.09 0.09 0.06 0.03 0.15 0.06 0 0.06 0.09 0.03 0.15 0.03 0.09 0.03 0.03 0.03 0.12 0.06 0 
0.06 0.06 0.03 0.06 0.12 0.12 0.12 0.12 0.09 0.09 0.12 0.12 0.12 0.09 0.15 0.12 0.12 0.06 0.09 0.06 0.09 0.12 0.15 0.21 0 0.21 0.09 0.09 0.09 0.15 0.09 0.09 0.06 0.15 0.06 0.09 0.03 0.09 0.09 0.09 0.21 0.06 0.03 0.03 0.09 0.06 0.15 0.15 0.03 0.15 0.06 0.09 0.03 0.06 0.06 0.15 0.12 0.06 0.03 0.09 0.06 0.06 0.12 0.03 0.12 0.03 0 0.09 0.03 0.03 0.06 0.03 0.06 0.06 0.06 0.03 0.03 0.18 0.09 0.09 0.09 0.03 0.15 0.09 0.15 0.06 0.06 0.09 0.06 0.12 0.06 0.09 0 0 0.09 0 0.12 0.06 0.15 0.21 0.0981 0.06 0.12 0.03 0.15 0.03 0.06 0.15 0.09 0.09 0.12 0.09 0.06 0.09 0.12 0.0981 0.12 0.03 0 0.06 0.15 0.03 0.12 0 0.12 0.12 0.06 0.03 0.03 0.12 0.06 0.12 0.03 0.06 0.09 0.06 0.09 0.09 0.06 0 0.06 0.06 0.06 0.03 0 0.06 0.09 0.09 0.03 0.09 0.12 0.03 0.09 0.09 0.12 0.03 0.03 0.12 0.03 0.03 0.0081 0.03 0.09 0.06 0.06 0.03 0.09 0.09 0.09 0.09 0.06 0.09 0.06 0.06 0.09 0.06 0.06 0.06 0.03 0.03 0.03 0.09 0.09 0.12 0.06 0.03 0.06 0.057 0.03 0.09 0.06 0.09 0.09 0.09 0.12 0.06 0.03 0 0.03 0.03 
0.15 0.09 0.21 0.12 0.09 0.12 0.12 0.12 0.03 0.06 0.06 0.06 0.06 0.12 0.0381 0.12 0.12 0.12 0.09 0.03 0.15 0.12 0.12 0.12 0.12 0.03 0.09 0.06 0.0681 0.06 0.09 0.15 0.06 0.21 0.15 0.18 0.06 0.03 0.12 0.03 0.15 0.12 0.03 0.09 0.12 0.06 0.09 0.09 0.18 0.12 0.09 0.06 0.21 0.15 0.06 0.06 0.12 0.09 0.09 0.09 0.09 0.03 0.15 0.03 0.09 0.03 0.03 0.03 0.09 0.03 0 0.03 0.09 0.12 0.06 0.09 0.09 0.03 0.12 0.06 0.03 0.12 0.09 0.12 0.12 0.09 0.06 0.06 0.06 0.09 0.15 0.03 0.12 0.03 0.03 0.06 0 0 0.03 0.09 0.09 0.12 0.12 0.06 0.09 0.03 0.06 0 0.06 0.15 0.03 0.09 0.12 0.06 0.09 0.09 0.15 0.03 0.15 0.09 0.09 0.06 0.03 0.06 0.12 0.03 0.03 0 0.06 0.03 0.09 0.06 0.12 0.12 0.09 0.09 0.09 0.03 0.03 0.06 0.06 0.03 0 0.09 0.06 0.03 0.06 0.12 0.06 0.03 0.06 0.06 0.15 0.03 0.12 0.06 0.03 0.09 0.03 0.09 0.06 0.09 0.03 0.06 0.03 0.06 0.03 0.06 0.03 0 0.03 0.09 0.06 0.03 0.12 0.03 0.06 0.03 0 0.06 0.06 0.09 0.09 0.03 0.09 0.09 0.06 0 0.06 0.06 0 0.09 0.06 0.06 0.09 0.03 0.09 0 0.06 0.12 
0.06 0.15 0.12 0.18 0.06 0.09 0.06 0.15 0.09 0.09 0.09 0.09 0.087 0 0 0.06 0.03 0.09 0.03 0.03 0.12 0.06 0.09 0.09 0.09 0.09 0.09 0.09 0.03 0.12 0.09 0.09 0.06 0.09 0.09 0.18 0.09 0.06 0.15 0.09 0.06 0.03 0.09 0 0.12 0.09 0.06729 0.06 0.09 0.06 0.06 0.12 0.06 0.09 0.12 0.12 0.09 0.06 0.03 0.06 0.21 0.15 0.09 0.09 0.09 0 0.12 0.03 0.06 0.06 0.06 0 0.03 0.03 0.06 0.09 0.087 0.12 0 0.06 0.09 0.06 0.03 0.06 0.09 0.06 0.06 0.06 0.09 0.09 0.09 0.03 0.03 0.06 0.06 0.09 0.12 0.09 0.03 0.03 0 0.12 0.06 0.03 0.03 0.06 0.12 0.12 0.09 0.12 0.09 0.12 0.15 0.03 0.03 0.03 0.12 0.06 0.03 0.03 0.03 0.12 0.12 0.06 0.12 0.12 0.06 0.06 0 0.06 0 0 0 0.12 0.06 0.027 0.09 0.09 0.12 0.09 0.09 0.03 0.06 0.06 0.15 0.09 0.15 0.09 0.03 0 0.06 0.03 0.06 0.09 0.03 0.09 0.09 0.03 0.03 0.09 0.06 0.12 0.12 0.09 0.09 0.12 0.09 0.09 0.06 0.09 0.03 0.06 0.15 0 0.09 0.15 0.03 0.03 0.09 0.09 0.12 0.03 0.06 0.03 0.06 0.03 0.06 0.09 0.06 0.06 0.057 0.06 0.03 0.06 0.06 0.09 0.06 0.15 0 0.12 
0.09 0.21 0.03 0.15 0.12 0.09 0.18 0.18 0.12 0.06 0.06 0.09 0.12 0.09 0.03 0.09 0.03 0.09 0.09 0.12 0.09 0.06 0.09 0.06 0.15 0.06 0.06 0.03 0.15 0.06 0.09 0.09 0.09 0.06 0.15 0.09 0.03 0.09 0.06 0.03 0.09 0.12 0.09 0.12 0.15 0.09 0.06 0 0.12 0.09 0.12 0.09 0.15 0.12 0.09 0.12 0.12 0.03 0.12 0.147 0.09 0.03 0.18 0.06 0.03 0.117 0.12 0.09 0.15 0.12 0.09 0.06 0.03 0.09 0.06 0.09 0.09 0 0.12 0.15 0.09 0.06 0.06 0.09 0.06 0.06 0.03 0.09 0.09 0.09 0.09 0.03 0.09 0.06 0.06 0.06 0.03 0.03 0.09 0.06 0.06 0.03 0.06 0.03 0.09 0.03 0.15 0.06 0.18 0.15 0.03 0.09 0.09 0.06 0.15 0.03 0.03 0 0.21 0.06 0 0.06 0.09 0.03 0.09 0.03 0.09 0.03 0.09 0.03 0.09 0.12 0.15 0.12 0.09 0.09 0.09 0.09 0.15 0.09 0 0.09 0.06 0.06 0.12 0.03 0 0.06 0.03 0.09 0.06 0.03 0.03 0.03 0 0.03 0.09 0.06 0 0.06 0 0.09 0.03 0.09 0.06 0.03 0.12 0.06 0 0.15 0.06 0.15 0.03 0.12 0.09 0 0 0.06 0.09 0.06 0.12 0.06 0.09 0 0.09 0.09 0.09 0.03 0.06 0.03 0.06 0.03 0.03 0.06 0.06 0.03 0.06 0.06 0.09 0.09 
0.18 0.06 0.03 0.09 0.06 0.06 0.09 0.06 0.03 0.12 0.12 0.09 0.15 0.06 0.18 0.09 0.18 0.06 0.12 0.12 0.06 0.06 0.03 0.15 0.12 0.06 0.03 0 0.15 0.12 0.09 0.06 0.09 0.12 0.09 0.09 0.03 0.12 0.06 0.09 0.06 0.06 0.18 0.09 0.09 0.12 0.15 0.06 0.03 0.06 0.03 0.09 0.12 0.15 0.06 0.12 0.03 0.06 0.06 0.12 0.15 0 0 0.15 0.09 0.03 0.09 0.15 0.18 0.06 0.06 0.03 0 0.06 0.09 0.03 0.21 0.03 0.09 0.06 0.09 0.03 0.15 0 0.12 0.06 0.09 0 0.15 0.06 0 0.03 0.06 0.06 0.06 0.12 0.06 0.06 0.03 0.06 0.06 0.06 0.06 0 0.06 0.06 0.12 0.12 0.03 0.09 0.12 0.09 0.09 0.03 0.06 0.06 0.12 0.06 0.117 0.09 0.09 0.06 0.06 0.09 0.0981 0 0.09 0.06 0.15 0.06 0.03 0.15 0.06 0.03 0.06 0.12 0.03 0.06 0.12 0.03 0.06 0.03 0.06 0.03 0.03 0.09 0.09 0.06 0.09 0.09 0.03 0.06 0.03 0 0.06 0.03 0.12 0.09 0.06 0 0 0.06 0.09 0.09 0.12 0.15 0.12 0.12 0.06 0.06 0.06 0.06 0.06 0.03 0.09 0.12 0.03 0.06 0.12 0.03 0.03 0.09 0 0.12 0.03 0.12 0.03 0.09 0.03 0.09 0.09 0.03 0.09 0.03 0.03 0.03 0.06 0.09 0.06 0.03 
0.12 0.15 0.12 0.12 0.12 0.18 0.18 0.06 0.06 0.03 0.12 0.03 0.12 0.09 0.12 0.09 0.03 0.06 0.15 0.06 0.18 0.036561 0.06 0.09 0.12 0.15 0.09 0.0981 0.06 0.0981 0.15 0.09 0.06 0.15 0.03 0.12 0.18 0.03 0.12 0 0.09 0.06 0.15 0.12 0.06 0.15 0.12 0.09 0.12 0.12 0.03 0 0.09 0.12 0.06 0.06 0.15 0.12 0 0.18 0 0.06 0.06 0.06 0.18 0.06 0.09 0.15 0.12 0.15 0.09 0.06 0.12 0.12 0.03 0.09 0.06 0.03 0.06 0.09 0.06 0.06 0.117 0.18 0.06 0.12 0.09 0.06 0.03 0.06 0.06 0.09 0.09 0.03 0.15 0.09 0 0.06 0.06 0.06 0 0.12 0.06 0.03 0.06 0.03 0.06 0.03 0.03 0.03 0.09 0.06 0.03 0.03 0.06 0.06 0.06 0.03 0.06 0.18 0.09 0.057 0.06 0.06 0.15 0.087 0.09 0 0.06 0.03 0.06 0.06 0.09 0.06 0.09 0.12 0.06 0 0.06 0.03 0.09 0.09 0.12 0.15 0.09 0.03 0.03 0.09 0.06 0.03 0.03 0 0.03 0.03 0.09 0.06 0 0.09 0.03 0.06 0.09 0 0.09 0.12 0.12 0.03 0.09 0.03 0.06 0.06 0.09 0.03 0.12 0.09 0.03 0 0.12 0.12 0.03 0.06 0.0381 0.09 0.03 0.03 0.06 0.06 0.15 0.03 0.03 0.09 0.06 0.06 0.12 0.06 0.09 0.03 0.06 0.03 0.06 0 
0.09 0.12 0.12 0.12 0.03 0.06 0.12 0.09 0 0.09 0.12 0.12 0.03 0.09 0.06 0.15 0.09 0.09 0.03 0.06 0.09 0.09 0.12 0.12 0.12 0.09 0 0.15 0.06 0.03 0.09 0.06 0.06 0.09 0.18 0.09 0.15 0.09 0 0.15 0.21 0.09 0.15 0.12 0.06 0.15 0.06 0.18 0.03 0.09 0.09 0.06 0.06 0.09 0.09 0.09 0.12 0.09 0.06 0.06 0 0.09 0.12 0.06 0.18 0.15 0.06 0.06 0.09 0.06 0.06 0.09 0.03 0.06 0.06 0.12 0.09 0.06 0.09 0.09 0.03 0.09 0.12 0.21 0 0.09 0.06 0.09 0.12 0.06 0.09 0.06 0.06 0.03 0.09 0.15 0.09 0.06 0.12 0.06 0.06 0.03 0.06 0.06 0.06 0.03 0.06 0.03 0.06 0 0.06 0.06 0.03 0.03 0.12 0.03 0.12 0.12 0 0.12 0.06 0.03 0.06 0.06 0.06 0.12 0.06 0.09 0.09 0.06 0.09 0.06 0.09 0.09 0.09 0.12 0.12 0.09 0 0.06 0.03 0.09 0.06 0.06 0.03 0.09 0.12 0.09 0.03 0.09 0.09 0.12 0 0.09 0.09 0.0381 0.03 0.03 0.09 0.09 0.03 0.03 0.09 0.09 0.06 0.09 0.06 0 0.12 0.03 0.15 0 0.03 0.12 0.06 0.09 0 0.03 0.09 0.12 0.087 0.03 0.06 0 0.09 0.06 0.12 0.03 0.03 0.06 0 0.03 0.06 0.09 0.03 0.03 0.03 0.06 0.03 0.09 
0.09 0.09 0.12 0.12 0.09 0.15 0.09 0.06 0.12 0.12 0.03 0.12 0.03 0.12 0.18 0.09 0.09 0.03 0.06 0.12 0.12 0.03 0.12 0 0.12 0.21 0.06 0.06 0.03 0.12 0.15 0.12 0.06 0.09 0.12 0.12 0.09 0.12 0.09 0.12 0.18 0.15 0.15 0.06 0.12 0.12 0.12 0.03 0.06 0.12 0.12 0.09 0.03 0.06 0.06 0.06 0.09 0.03 0.03 0.12 0.12 0.09 0.06 0.06 0 0.03 0.06 0.12 0.09 0.15 0.03 0.12 0.06 0.03 0.06 0.09 0.06 0.06 0.03 0.06 0.03 0.06 0.06 0.09 0.06 0.06 0.06 0.12 0.03 0.06 0.06 0.03 0.03 0.06 0.09 0.06 0.15 0 0.15 0.03 0.15 0.09 0.057 0.12 0.03 0.09 0.21 0.03 0.06 0 0.15 0.03 0.03 0.03 0.06 0.06 0.03 0.09 0.06 0.06 0.09 0.09 0.09 0.06 0.06 0.06 0.06 0.09 0.09 0.03 0.06 0.0381 0.09 0.12 0.06 0.06 0.03 0.03 0.09 0.09 0.06 0.09 0.06 0.03 0.09 0.06 0.06 0.12 0.087 0.06 0.06 0.03 0.03 0.03 0.09 0.03 0.06 0.12 0.12 0.06 0.09 0.09 0.03 0 0.15 0.06 0 0.06 0.09 0.06 0.09 0.03 0.09 0.03 0.03 0.03 0.06 0.09 0.03 0.09 0.03 0.06 0.06 0.03 0.09 0.06 0 0 0.06 0.06 0.03 0.06 0.03 0.06 0.03 0.03 0 0.06 0.03 0.03 
0.12 0.06 0 0.15 0.15 0.12 0.09 0.03 0.12 0.09 0.09 0.12 0.12 0.06 0.06 0.12 0.09 0.12 0.09 0.12 0.21 0.06 0.03 0.06 0.03 0.06 0.09 0.06 0.15 0.12 0.12 0.09 0.03 0.03 0.15 0.12 0.15 0.06 0.09 0.09 0.09 0.18 0.06 0.12 0.09 0.03 0 0.09 0.06 0.06 0.09 0.09 0.03 0.12 0.06 0.03 0.03 0.12 0.09 0.12 0.03 0.03 0.03 0.06 0.15 0.09 0.12 0.09 0.12 0.09 0.09 0.057 0.09 0.18 0.12 0.06 0.06 0.12 0.15 0.03 0.06 0 0.06 0.09 0 0.09 0.03 0.03 0.09 0.03 0.09 0.12 0.03 0.06 0.03 0.09 0.09 0.03 0.06 0.06 0 0.09 0.03 0 0.03 0.06 0.06 0.06 0.09 0.06 0.06 0 0.03 0.06 0.06 0.03 0.03 0 0.06 0.06 0.09 0.03 0.12 0.12 0.09 0.06 0.06 0.03 0.06 0.12 0.09 0.12 0.06 0.18 0 0.12 0.09 0.03 0.03 0.03 0.03 0.06 0.03 0.06 0.09 0 0.12 0.12 0.06 0.06 0.03 0.03 0.06 0.03 0.06 0.03 0 0.09 0.09 0.06 0.117 0.03 0.03 0 0.03 0.03 0.06 0.03 0.12 0.06 0.03 0.09 0.03 0.09 0.09 0.03 0.1281 0.057 0.06 0.03 0.03 0 0.06 0.03 0.06 0.06 0.09 0.06 0.12 0.03 0.12 0.03 0 0.09 0.03 0.06 0.09 0.06 0.06 0.12 
0.03 0.09 0.21 0.15 0.15 0.09 0.12 0.09 0.06 0.06 0.12 0.0981 0.03 0.09 0.06 0.09 0.12 0.12 0.12 0.06 0.06 0.06 0.09 0.03 0.12 0.15 0.15 0.12 0.09 0.09 0.12 0.03 0.15 0.06 0.12 0.09 0.06 0.09 0.06 0.09 0.09 0.15 0.09 0.09 0.09 0.03 0.09 0.09 0.12 0.09 0.18 0.12 0.15 0.06 0.09 0.09 0.18 0.06 0.12 0.03 0.06 0.09 0.06 0.06 0.06 0 0.09 0.09 0.09 0.06 0.03 0.06 0.06 0.12 0.03 0.09 0.09 0.09 0.09 0 0.06 0.06 0.06 0.03 0.09 0.03 0.03 0.09 0.03 0.06 0.06 0.06 0.15 0.057 0.06 0.03 0.09 0.057 0.03 0 0.03 0.06 0.06 0.15 0.06 0.06 0 0.03 0.15 0.03 0.03 0 0.15 0.057 0.06 0.03 0.03 0.09 0.12 0 0.03 0.06 0.15 0.03 0.03 0.15 0.03 0.06 0.09 0.03 0.03 0.06 0 0.03 0.09 0 0.06 0.0981 0.03 0.06 0.12 0.09 0 0.09 0.06 0.06 0.06 0.03 0.06 0.03 0.09 0.03 0.06 0.087 0.03 0.12 0.06 0.06 0.03 0.03 0.06 0.03 0.09 0 0.03 0.12 0.12 0.03 0.06 0.03 0.06 0 0.06 0.03 0.03 0.15 0.03 0.06 0.06 0 0.09 0.03 0.06 0 0.06 0.03 0.06 0.06 0.12 0.03 0.03 0.06 0.03 0.06 0.12 0.03 0 0.06 0.15 0.03 
0.09 0.09 0.15 0.18 0.09 0.18 0.09 0.18 0.06 0.06 0.09 0.03 0.06 0.09 0.15 0.06 0.09 0.12 0.15 0.09 0.09 0.12 0.12 0.03 0.09 0.18 0.03 0.18 0.06 0.06 0.09 0.12 0.03 0.06 0.09 0.09 0.09 0.09 0.15 0.06 0.12 0.06 0.12 0.09 0.12 0.09 0.06 0.03 0.12 0.09 0.12 0.12 0.12 0.06 0.03 0.06 0.03 0.09 0.09 0.18 0.03 0.09 0.15 0.15 0.18 0.18 0.147 0.15 0.15 0 0.09 0.12 0.09 0.0681 0.15 0.12 0.12 0.09 0.09 0.09 0.09 0.12 0.03 0.06 0.12 0.06 0.06 0.06 0.03 0.06 0.06 0.12 0.06 0.06 0.06 0.03 0.09 0.12 0.06 0.12 0.03 0.03 0.06 0.06 0.09 0.06 0.03 0.06 0.06 0.09 0.18 0.06 0.03 0.06 0.09 0.03 0.12 0.15 0.057 0.15 0.09 0.12 0.03 0.12 0.03 0.03 0.15 0.12 0.06 0.06 0.09 0 0.09 0.06 0.09 0.03 0.03 0.03 0.06 0.09 0.03 0.12 0.09 0.06 0.12 0 0.06 0.06 0.03 0.03 0.03 0.03 0 0.06 0.06 0.12 0.06 0.12 0.09 0.03 0.03 0.03 0.06 0.09 0.09 0.09 0.09 0.03 0.03 0.06 0 0.03 0.09 0.09 0.15 0.06 0.09 0.09 0.12 0.03 0.06 0.12 0.03 0.06 0.03 0.06 0.03 0 0.06 0.06 0.06 0.06 0.09 0 0.06 0 0.03 0 0.03 0.03 
0.12 0.15 0.06 0.12 0.03 0.15 0.09 0.12 0.18 0.09 0.09 0.15 0.06 0.06 0.06 0.09 0.03 0.03 0.09 0.09 0.09 0.03 0.09 0.12 0.09 0.12 0.06 0.09 0.15 0.03 0.06 0.09 0.09 0.03 0.09 0.12 0.06 0.03 0.09 0.12 0.09 0.03 0.03 0.06 0.12 0.09 0.12 0.03 0.06 0.06 0.09 0.06 0.12 0.06 0.12 0.09 0.027 0.12 0.15 0.12 0.06 0.06 0.03 0.09 0 0.09 0.06 0.12 0.12 0.15 0.06 0.06 0.15 0.06 0 0.15 0.06 0.03 0.03 0.09 0.09 0.09 0.03 0.09 0.09 0.06 0.03 0.09 0.06 0.06 0.06 0.06 0.09 0.06 0.06 0.06 0.06 0 0.12 0.09 0.12 0.09 0.03 0.03 0 0.12 0.06 0.15 0.06 0.06 0.09 0.15 0.06 0.06 0.06 0.06 0.06 0.06 0.03 0.09 0.12 0.12 0.06 0.03 0.06 0.06 0.06 0.06 0.06 0.12 0.06 0.06 0.03 0.09 0.09 0.03 0.09 0.09 0.09 0.09 0.06 0.06 0.03 0.06 0.06 0.03 0.03 0 0 0.06 0.09 0.06 0.12 0.09 0.06 0.12 0.03 0.0381 0.09 0.09 0.03 0.09 0.06 0 0.15 0.12 0 0.03 0.06 0.09 0.03 0.06 0.09 0.06 0 0.12 0.12 0 0.06 0.03 0.06 0.03 0.03 0.03 0 0 0.06 0.06 0.06 0.06 0.06 0.06 0.12 0.06 0.03 0.03 0.09 0.12 0.12 0.12 
